b
-11 -24 -48
-61 60 65
-96 47 -48
b
88 -59 70
55 73 30
93 -1 69
b
13 -80 -4
-59 -42 6
-13 -81 -23
b
1 -35 -53
3 12 78
0 61 40
b
15 76 -47
17 39 34
-57 83 66
b
48 43 -51
35 84 -48
-48 99 45
b
86 -8 -24
-84 -74 -7
69 -40 43
b
-33 33 -24
25 20 83
98 -90 12
b
24 -64 49
5 67 53
-66 -86 35
b
33 59 -76
32 90 62
91 -49 -45
b
64 5 -62
-80 -81 -40
-26 -41 -73
b
-6 14 -52
27 -99 -6
-62 50 25
b
-94 -91 26
-96 -41 25
-38 -67 -1
b
-88 23 -72
-33 -6 -58
72 5 -78
b
56 -93 44
-28 -48 -93
21 63 -46
b
8 -66 92
-42 98 -10
25 -51 12
b
23 49 40
-9 35 3
49 -45 66
b
82 45 33
-22 50 -79
95 65 -54
b
78 26 29
78 1 -54
-29 71 -24
b
56 73 -68
56 -42 97
-87 -46 -91
b
-85 -100 -57
-66 -28 70
95 56 -92
b
-73 73 -27
-93 -22 -30
-29 71 67
b
21 -43 96
84 -38 96
61 -11 13
b
-52 -50 81
-85 -99 75
-47 59 -6
b
-42 -80 -86
-88 67 94
21 -3 -37
b
0 77 22
-97 3 45
16 -11 -26
b
18 87 -62
-69 -69 -2
-42 77 26
b
67 28 -2
92 60 -85
17 -8 22
b
45 -67 63
-6 73 3
-68 -9 69
b
-81 -37 28
58 73 -7
-55 33 89
b
-38 -45 -33
94 61 -22
34 63 44
b
68 -7 -16
-19 -5 91
26 -90 57
b
-61 5 -23
-13 -77 88
93 -65 99
b
-11 32 -17
-15 56 69
73 5 -90
b
97 -98 96
-45 -66 -57
-52 91 -6
b
91 -5 77
-73 -81 78
91 -75 -17
b
75 -89 -12
34 -65 -2
-74 46 74
b
83 -47 56
-8 96 17
50 -73 20
b
28 -12 16
77 20 -53
-20 47 94
b
67 -86 44
95 -87 91
-73 68 -96
b
84 -69 -87
96 54 -22
30 31 3
b
34 -76 -36
-87 -32 -65
88 -39 92
b
36 83 -100
11 21 24
-13 77 -19
b
-14 65 -86
-93 69 -72
-75 -3 -81
b
65 -88 -3
-66 -78 -96
-3 -64 73
b
50 -85 -99
51 -95 -52
-52 49 -16
b
-71 -5 8
-37 -9 -62
74 -73 -69
b
-31 72 -16
-82 -71 80
91 -1 56
b
78 -99 6
82 47 -45
-67 87 -47
b
41 -51 16
-86 -100 95
21 75 -47
b
18 -21 -7
36 93 18
-95 77 71
b
74 32 93
87 75 28
-20 59 -62
b
11 74 96
-15 -92 51
-90 72 49
b
55 57 -69
81 -34 -54
-41 -79 -82
b
-15 30 -3
-51 61 -27
9 -58 53
b
-94 -21 28
41 51 61
-84 91 91
b
54 54 -61
-55 88 53
7 -22 23
b
-43 -54 -41
-55 -9 -42
51 -11 -76
b
-22 -54 60
-2 27 45
-79 -55 62
b
-9 54 -21
-80 32 -59
96 -49 41
b
60 87 -71
14 92 74
-72 86 -51
b
59 -78 -72
55 -8 43
43 26 61
b
-34 79 -74
-9 85 51
45 2 43
b
-40 -88 -87
96 27 29
-32 -92 -20
b
-24 39 66
-35 35 7
-27 51 -77
b
50 52 -66
22 89 1
7 -92 -23
b
-5 -91 -15
18 16 -82
16 77 16
b
67 -35 85
37 -83 42
-11 11 -93
b
29 -86 -67
-47 -9 91
36 20 -93
b
47 40 76
31 -7 66
-68 -33 -35
b
-87 -76 -2
-76 17 43
-36 89 -80
b
46 -75 40
44 24 -66
-43 48 40
b
-76 -93 93
-98 51 80
62 79 -52
b
-6 45 -54
19 21 -88
-66 28 -37
b
69 82 -40
-80 31 23
6 -64 -80
b
93 -75 53
5 6 -45
75 -7 52
b
43 52 1
-5 -54 37
-89 46 33
b
-31 -26 74
99 4 -50
67 86 -45
b
-96 -61 54
17 -2 -9
-3 -50 84
b
38 35 85
-58 15 -37
9 -63 -4
b
52 -11 86
35 -74 -30
46 14 36
b
-53 -88 58
-98 29 -57
74 96 29
b
7 77 -6
-47 -6 38
-64 -100 -52
b
81 5 50
50 -77 -84
-14 -83 -4
b
-92 -100 -4
60 59 -23
-16 -77 78
b
-32 23 18
-9 -45 85
87 -5 88
b
53 -33 -55
-11 -14 -6
-21 96 -26
b
38 -97 -48
43 44 1
-29 17 -90
b
-91 76 47
-3 99 -13
84 -80 -85
b
-11 26 12
-73 -28 98
8 -17 -46
b
2 -22 50
-83 -94 -53
-23 69 -81
b
84 -85 71
-24 -39 33
93 -52 -2
b
68 -38 87
-19 -90 -29
47 16 64
b
-6 99 67
-67 63 62
10 -78 -84
b
-98 -61 53
-52 87 71
16 53 45
b
84 24 97
-11 82 0
-56 92 -66
b
-50 -10 -58
-8 4 13
59 -79 -23
b
79 72 -23
-14 -76 54
53 -30 84
b
88 46 -36
94 76 91
-88 84 -93
b
90 -1 -28
47 -33 26
-89 -60 -96
b
-69 -99 -69
35 -66 -27
64 6 -20
b
-76 -72 -10
56 36 -83
54 -36 86
b
-48 72 1
-17 19 40
6 -99 82
b
50 36 -80
-6 -69 -91
0 -98 68
b
-67 -88 46
48 -91 42
36 -11 85
b
-29 57 90
-38 -79 -14
-5 33 -61
b
-95 -64 -51
-43 19 71
-71 -31 58
b
-96 45 81
-55 -74 -94
-68 41 -100
b
47 -30 11
45 18 -80
-67 -5 -30
b
6 57 96
81 -59 54
66 48 31
b
-61 -45 -21
-77 -40 51
40 -15 -16
b
53 -67 93
-76 86 97
96 14 46
b
80 10 -62
-65 24 -48
-19 -62 99
b
-13 18 -30
57 38 -42
-97 1 15
b
-70 74 -69
9 -100 0
69 -48 -18
b
-2 -41 56
-36 98 -45
-53 -14 -34
b
13 -34 36
33 1 84
16 7 39
b
80 -63 -24
-27 -12 -3
37 82 49
b
-16 93 32
79 62 70
77 -90 69
b
80 81 92
-36 91 50
19 72 -61
b
-29 53 -8
33 64 96
-60 -66 -31
b
12 -42 89
-7 61 49
-96 -27 20
b
72 30 43
84 17 -44
-29 -28 -35
b
96 -28 -1
89 82 65
-89 23 58
b
22 -41 -70
-54 -26 -23
-77 82 58
b
-56 -49 -22
-28 33 14
-13 67 -8
b
-88 92 37
83 -64 -69
78 -44 64
b
37 56 -85
75 -51 50
-71 61 47
b
-66 6 51
-66 -71 71
21 -41 88
b
88 28 63
7 -83 73
-21 79 -88
b
66 15 85
1 57 -11
-9 -1 -44
b
-14 -92 -95
34 -61 -92
-8 97 -25
b
95 -51 14
77 -3 -1
60 -62 -94
b
2 -63 -41
-88 74 13
-93 -63 46
b
57 -38 92
77 94 69
-85 69 79
b
63 -58 93
4 -94 -51
57 -78 1
b
-18 -95 -18
-59 -52 6
93 59 -98
b
87 -29 -25
-71 -61 21
88 35 -69
b
-52 -84 90
-14 -25 -3
-76 -33 36
b
-3 25 18
-49 50 -91
-4 -51 -55
b
-65 79 82
60 55 44
-24 86 64
b
21 6 -12
81 27 -77
-2 22 -99
b
-27 47 78
94 16 55
-60 8 62
b
-86 16 -70
32 -25 78
-20 95 -82
b
6 -97 16
-14 -56 38
-91 -86 6
b
-50 -24 -74
59 21 57
-97 -5 52
b
1 21 -9
-29 -10 -32
-83 89 -27
b
63 -85 -45
-30 1 49
93 -16 -77
b
59 -36 -27
-29 -30 -75
62 -13 -13
b
88 63 18
22 -19 55
85 -76 -42
b
53 52 85
-51 -90 -99
-15 -82 -31
b
-76 -15 18
13 -33 -72
-70 -61 50
b
-49 -1 94
-53 82 -11
-13 -66 71
b
-20 -21 21
67 -85 22
-52 1 -6
b
-20 60 31
-68 35 -56
-99 97 35
b
98 54 -73
-64 -33 44
28 -69 16
b
-82 -65 74
36 28 95
-3 30 -90
b
97 14 54
65 -35 -73
-96 -65 -9
b
-46 2 -46
-32 -44 64
21 52 -2
b
-63 66 -45
-27 -45 -67
36 -47 -98
b
-29 54 -18
-11 65 82
-83 -56 10
b
-58 -82 -71
-66 38 31
-41 -31 -72
b
-53 16 -89
-49 -45 -7
-12 44 74
b
-56 23 -85
3 -88 12
8 -6 79
b
-17 37 19
39 -92 46
-52 -41 -56
b
57 17 2
-16 86 70
49 -92 -9
b
96 1 -94
90 58 -20
29 0 39
b
17 -22 33
-29 -23 0
8 48 -33
b
-95 2 -47
-44 4 -90
-85 6 26
b
-62 -85 -64
88 -4 23
70 -53 48
b
33 33 35
13 45 0
38 33 -13
b
1 -43 53
71 -71 -27
12 -96 51
b
32 61 49
-37 -1 -85
68 -27 7
b
19 -16 85
98 75 -35
11 -55 35
b
-55 -27 -95
43 58 -42
-19 -57 -40
b
54 75 26
63 -56 36
36 -74 55
b
-52 -32 -32
-24 79 97
99 -69 15
b
42 -6 -11
38 -79 -12
98 54 75
b
24 3 -69
-78 -8 14
36 -38 -48
b
30 -54 -55
35 -48 89
79 21 -57
b
55 -6 49
75 36 -75
-32 27 -77
b
-25 -65 29
-13 -58 -28
-44 -68 88
b
-24 -35 89
-10 60 -25
-71 -34 4
b
68 -8 -97
-73 0 83
85 76 -10
b
-79 44 71
-12 12 32
-57 -40 59
b
78 -45 18
-12 -39 38
-15 -12 -55
b
-20 49 66
9 -58 24
74 38 -50
b
21 63 -42
44 -63 35
68 57 55
b
10 9 -47
-100 -17 -41
-82 47 37
b
78 21 51
-20 -42 16
-84 22 38
b
-93 28 -94
70 26 66
-64 -25 33
b
44 -12 -7
34 -86 32
-83 79 42
b
78 72 -64
99 91 -79
-8 -69 3
b
-37 -1 -82
-97 36 -78
-4 31 -45
b
3 9 83
77 -2 52
48 -13 -33
b
-17 90 71
12 -42 -57
-93 69 90
b
36 -61 48
76 98 27
45 43 -13
b
10 -90 61
-99 55 -95
-19 62 70
b
46 70 50
-100 76 -86
49 -19 -61
b
3 -8 46
-65 11 -45
-100 -7 -9
b
35 54 22
-50 -9 -76
18 -20 -31
b
-99 -98 -96
0 -3 94
-28 -88 -63
b
82 22 -77
-27 10 60
77 94 36
b
-10 38 -7
46 98 -90
-51 -12 -32
b
79 51 -14
-6 8 85
-8 98 45
b
77 -35 -67
34 -22 -26
-78 -100 -13
b
-51 62 -58
-19 38 16
-2 -72 60
b
-54 24 21
91 93 11
45 97 71
b
67 50 19
-88 94 -44
-39 39 99
b
48 49 -32
-22 25 33
-90 88 16
b
86 15 89
-87 94 -3
-48 -100 35
b
12 39 -24
-76 -61 13
95 37 67
b
80 -64 58
6 96 17
94 51 44
b
93 -36 -34
-71 18 -65
-11 -55 57
b
82 -95 71
-85 69 62
-20 -74 89
b
99 31 -31
-36 -40 48
-19 -45 -43
b
7 -79 84
40 81 -80
42 -41 64
b
-28 52 90
36 76 34
76 -24 48
b
41 3 26
-85 -92 -68
-79 -53 -11
b
84 57 -72
-41 -1 -63
70 -18 50
b
74 -27 86
-67 -46 -67
1 -96 32
b
2 -40 -70
-62 24 -60
41 99 16
b
-95 47 11
-79 18 50
3 -39 27
b
36 -10 41
96 66 -4
-49 13 52
b
37 16 20
5 38 20
93 -16 5
b
-50 28 62
-75 77 65
-39 -93 -12
b
6 4 74
34 4 -69
30 -61 22
b
29 -55 -38
13 2 -57
95 -51 63
b
-58 -51 38
71 89 19
-51 89 -76
b
35 14 3
-61 -89 -80
6 77 -25
b
16 42 59
73 76 -61
80 70 67
b
95 -56 40
88 9 8
-41 -13 68
b
27 -81 56
-40 -79 -27
33 -11 -11
b
31 -98 -69
62 10 -17
-33 -95 8
b
-47 -15 -26
14 -40 84
75 -17 60
b
-75 34 -61
-58 -14 86
-8 10 56
b
-88 20 22
-26 9 -82
5 -68 68
b
50 -85 43
-59 65 -55
7 87 89
b
16 69 -52
23 24 93
71 85 58
b
9 -12 -95
66 94 -60
71 -13 47
b
90 -83 46
-46 -66 81
99 48 7
b
39 75 26
-14 42 60
-43 -9 23
b
-26 93 33
5 86 -83
99 -14 -50
b
92 -89 25
5 -5 14
-7 -95 30
b
60 -24 94
-35 -86 -5
28 46 96
b
51 -8 16
5 67 -46
-38 55 -28
b
-74 -88 -54
-65 -71 -84
46 -71 87
b
-36 -30 34
-1 -28 -69
-19 -9 -68
b
-12 79 -28
64 -39 79
1 -59 -89
b
-37 -58 27
87 36 -67
64 -50 -99
b
-100 -59 55
17 88 8
94 -17 -48
b
64 81 99
-51 -47 -85
87 71 27
b
29 27 -12
83 -15 -61
-86 -33 57
b
-84 64 91
90 39 85
16 93 -90
b
38 87 35
-86 42 -1
-4 46 -12
b
43 -34 17
10 75 73
-28 -44 -72
b
-2 96 -30
-93 -72 62
-74 30 18
b
-97 -80 3
54 -25 55
91 14 45
b
82 -2 -85
14 30 6
10 -52 67
b
65 43 -23
-2 0 85
61 6 96
b
-61 8 78
-12 50 85
-95 54 -59
b
-25 37 17
61 -65 -74
-18 -94 -46
b
46 -37 99
-23 -4 -98
-4 -94 59
b
-6 8 -79
28 9 95
-91 60 78
b
2 -11 75
23 -84 -41
-13 5 -92
b
-42 36 25
-4 15 46
13 -48 74
b
-39 -43 27
87 33 -55
-69 97 36
b
-34 -39 81
56 95 15
-100 -95 71
b
16 87 -10
-98 55 65
-70 40 -93
b
17 -85 -57
-49 -93 38
-63 -76 31
b
57 98 34
-42 -24 44
-66 60 -20
b
80 -84 16
-92 60 -49
44 6 57
b
6 18 43
89 16 -6
-99 -31 -15
b
3 -19 53
-69 -62 77
15 -71 -78
b
87 -14 -84
21 -94 -22
-56 13 27
b
-63 -6 42
15 82 95
81 55 9
b
60 -97 4
75 81 69
-12 39 -98
b
-11 5 -64
-50 -33 -28
-93 77 38
b
-17 -11 55
-56 97 -37
-9 -25 60
b
-10 81 -91
74 -27 -26
84 -42 79
b
-13 -30 -93
-22 92 -6
-26 40 -50
b
-14 -79 -60
88 81 4
61 55 31
b
-54 -98 20
20 -56 83
18 94 -24
b
87 10 -79
-26 -5 -5
-79 -97 -52
b
-14 -54 65
56 68 14
-66 -89 -28
b
-12 -60 37
35 58 54
-24 -76 -92
b
67 -25 35
-3 -65 39
34 89 5
b
16 -82 -57
70 -7 86
-53 20 -78
b
21 -27 -7
96 -36 -26
38 -80 90
b
-88 89 28
-6 -4 -62
25 -81 55
b
-43 -30 59
-90 7 37
96 9 41
b
-20 -14 -71
-49 73 81
-52 -43 -16
b
44 79 83
76 84 -55
5 -87 -77
b
11 80 -26
72 -60 -62
-9 70 39
b
87 11 -3
94 -12 -90
65 -16 -66
b
80 -32 10
-12 -33 -79
-1 57 -17
b
-93 -85 -90
-1 -15 24
52 -74 1
b
18 -21 -20
27 42 89
-59 -42 69
b
-40 -9 17
-82 79 76
11 93 -17
b
0 13 76
-58 -9 -47
-57 82 33
b
90 93 70
-65 37 65
57 23 -28
b
12 -48 20
-7 -19 80
35 71 82
b
90 -2 79
-98 -11 -6
-11 85 -8
b
26 -29 -83
-48 -78 53
34 -99 -81
b
-54 -33 -22
-52 -76 54
-86 -38 21
b
-56 18 -78
-55 -4 96
94 82 -73
b
73 47 96
-62 39 1
-26 -8 58
b
-50 79 88
75 14 69
97 83 -18
b
43 7 96
4 13 -65
62 2 16
b
30 10 19
37 9 -60
-1 -42 -29
b
-10 51 -60
13 86 56
29 90 -18
b
6 -47 -48
-37 -85 25
-46 -36 69
b
-67 -97 -77
-76 -15 26
-7 -40 -92
b
-21 62 81
-75 90 -8
5 8 89
b
16 27 31
-63 -85 -76
-75 99 -35
b
57 -10 23
55 -8 -11
32 -2 21
b
-90 -49 -37
9 -99 -52
-30 95 -11
b
43 13 -33
53 6 10
23 -26 33
b
-77 4 41
12 -3 -98
89 25 83
b
-30 58 69
58 4 77
61 -90 89
b
-98 0 -57
-13 4 66
-75 89 79
b
55 88 -20
14 -96 91
-53 -56 -30
b
78 -15 62
-38 61 56
-89 94 -68
b
-20 91 -29
88 56 31
-17 28 3
b
-50 -44 -91
-97 74 63
64 87 16
b
72 -13 -52
84 22 24
98 20 73
b
64 18 -3
34 97 -7
-51 -12 40
b
-4 -31 75
-54 33 77
-64 -60 -3
b
68 53 -36
12 -77 -52
-51 72 -6
b
-18 -90 -27
40 3 -59
71 -1 -8
b
31 -70 24
-46 -88 28
62 59 82
b
-22 -84 55
28 -85 70
-45 67 53
b
58 -16 -21
60 89 27
-14 21 -53
b
-91 -73 -76
-2 -36 -83
59 99 -48
b
76 -19 93
-84 38 -48
-19 86 -48
b
-13 88 19
99 72 -78
-43 84 9
b
-87 -45 21
5 31 -5
-61 -84 83
b
16 53 -87
-13 17 -60
64 -17 -47
b
34 -22 88
-61 -29 -5
4 67 40
b
8 44 39
97 -93 -54
-60 -85 -34
b
-88 -40 55
73 -30 48
-99 64 35
b
73 29 28
85 44 -38
15 -93 99
b
92 73 14
81 44 46
74 -95 12
b
78 80 -1
-51 6 59
73 -85 -71
b
4 79 88
97 -80 56
94 6 82
b
-14 66 -52
71 6 39
13 48 -23
b
9 27 -4
-2 61 31
83 29 -16
b
74 -61 34
47 80 52
-62 74 5
b
6 -49 1
90 -89 -63
91 60 -90
b
57 -33 -55
71 -87 89
-100 -24 37
b
-35 -28 41
-94 -84 -58
33 29 66
b
-49 -88 -80
-66 72 -55
-5 39 82
b
-93 -48 45
48 -19 16
-71 7 -39
b
30 -17 -31
-30 -18 53
-50 -74 -46
b
88 -75 -35
-43 -53 16
31 25 -3
b
23 -87 -24
-68 51 91
-65 -33 32
b
-47 59 20
42 32 28
-91 26 -94
b
-39 59 -45
72 -52 -96
-9 43 25
b
65 -48 27
31 22 -17
50 -68 -13
b
12 36 71
26 -46 -67
90 97 -85
b
84 13 94
-35 29 -67
95 22 -55
b
-26 36 -66
-61 -49 -55
95 -85 -47
b
23 -46 1
-78 72 68
-37 -12 15
b
-86 82 -62
-97 -90 98
78 -44 -61
b
-42 6 54
14 -10 -10
34 40 -93
b
-85 87 57
-73 -98 -93
37 -85 -51
b
-43 -7 81
11 -39 34
73 -88 94
b
12 16 -76
-52 87 54
72 -32 72
b
96 97 -69
-65 65 5
-88 14 -27
b
50 55 -21
-46 0 44
27 77 33
b
38 -28 7
-94 -87 -18
-55 33 -54
b
64 20 -97
54 23 14
-12 21 -71
b
-3 98 -57
37 43 -14
-28 85 -50
b
-57 81 17
87 -23 45
-86 -64 70
b
-30 49 -26
-11 -100 -39
-100 59 -30
b
-49 -3 -57
36 -1 -17
-29 62 72
b
17 -59 -67
33 -88 87
15 20 84
b
76 15 87
-30 92 95
82 4 -84
b
-36 8 -34
54 73 0
-3 37 78
b
47 67 0
74 -62 19
-72 -60 -100
b
62 95 -45
-41 24 -67
78 6 -28
b
76 83 29
-89 -94 -64
-50 75 38
b
53 40 -50
96 94 82
-81 -50 -65
b
-72 -7 48
85 -42 60
-21 60 -3
b
-53 22 87
-25 25 -40
-66 36 -40
b
-77 -5 -96
67 -25 -77
63 -95 -97
b
22 -45 59
-37 -42 -90
46 -30 -37
b
-37 74 -85
-68 -28 -88
-85 -11 24
b
46 -86 86
11 -37 20
78 -16 -20
b
70 16 88
60 6 -99
-63 -95 -45
b
-1 43 -73
26 20 15
99 53 88
b
97 -71 42
13 94 20
2 52 93
b
-9 -35 -6
-97 -70 -15
76 56 31
b
89 46 -54
-69 80 25
29 74 -55
b
53 -29 28
-58 -45 89
71 -73 -82
b
62 -43 25
56 67 33
47 -64 21
b
-42 -67 28
22 43 82
-68 -41 43
b
-48 -2 3
-42 -12 -91
-41 77 82
b
41 -4 93
-69 44 -36
89 33 -22
b
67 -20 -92
-67 -14 -40
81 56 -73
b
-73 64 -45
-90 64 25
6 54 -35
b
41 -25 -57
-47 -66 -50
46 -80 32
b
-81 83 -16
-25 12 49
-91 -22 46
b
-48 -72 47
48 -59 23
-77 -89 -40
b
-12 38 11
-77 56 -84
-62 90 -46
b
39 38 -5
-14 76 -79
-78 -30 37
b
-31 64 21
-33 86 -29
-18 -72 45
b
-10 77 -94
55 3 60
-95 29 95
b
-96 -73 81
-5 -64 -90
95 73 -60
b
92 -26 42
-74 -75 3
62 -93 70
b
-44 -14 85
89 -4 61
18 -15 0
b
-22 -34 90
-48 32 -62
67 -41 44
b
-51 56 15
-68 -73 20
-60 37 91
b
66 -23 -70
-19 45 -33
-10 81 -39
b
-50 -23 53
-56 -32 -83
-88 0 -63
b
7 -93 28
-86 82 -56
-66 36 87
b
84 -91 49
-6 81 52
-12 -55 82
b
21 43 93
-27 63 -66
-30 85 -100
b
36 87 -33
-1 -4 40
71 -98 -74
b
34 -16 -7
-9 -90 28
11 52 -69
b
53 4 -99
72 57 -95
58 62 75
b
91 67 48
-41 -16 -57
55 -9 -97
b
-4 -66 55
-50 69 66
-64 20 -57
b
8 -38 62
-45 39 39
21 17 59
b
35 71 -28
-40 -70 -72
-97 -24 -32
b
-22 20 40
5 -26 -59
-2 56 -13
b
53 -73 98
-24 -65 73
93 -93 83
b
-3 56 89
19 -64 7
-93 -3 -28
b
76 59 0
-59 10 68
-5 43 16
b
9 35 -52
-99 50 69
2 85 97
b
21 27 55
-9 94 24
92 -76 -24
b
-53 -77 8
0 -43 10
-75 -52 47
b
16 87 -19
-83 -82 -62
29 97 53
b
-20 10 80
88 -41 -18
15 -57 -46
b
-29 30 -86
35 -75 -1
99 66 70
b
21 -45 -89
71 82 26
-98 74 54
b
82 -27 -48
1 77 16
77 -93 89
b
94 11 83
-30 9 -46
-64 52 70
b
24 -82 89
-76 -63 54
-37 -13 23
b
-72 37 -86
70 74 -90
25 -22 -50
b
69 -94 36
-64 9 99
-49 96 41
b
75 -10 -41
36 -73 87
-71 -87 -32
b
7 -23 32
-43 81 26
-33 30 79
b
-97 48 -45
22 -74 -29
-62 59 -47
b
58 -18 -39
-26 -56 -86
-3 -47 71
b
73 79 -50
5 35 -28
99 -5 21
b
-28 13 21
-71 -94 -100
-32 30 61
b
96 -4 -11
-33 -45 59
96 14 -36
b
-65 54 -16
-76 -24 -21
-78 -95 -91
b
-73 28 -80
-84 -76 -42
-2 48 -48
b
50 -83 -41
56 -60 59
7 -41 -17
b
59 -84 52
8 33 -35
-71 -12 -45
b
-2 4 -80
19 35 84
-22 81 -49
b
99 -71 -10
-93 -58 -99
-81 48 -7
b
-36 31 49
12 71 -99
52 -52 71
b
-84 98 -48
-66 -91 34
21 38 43
b
-54 -5 30
46 54 -32
40 34 -44
b
-14 -11 51
61 -90 61
-8 80 17
b
-63 25 -13
59 -58 56
-12 66 27
b
-83 71 -44
-7 -69 -20
95 -21 -78
b
56 17 -83
14 93 -14
8 -27 -73
b
1 38 -81
7 -16 26
-72 22 98
b
94 -24 -70
92 86 -44
-42 -9 -48
b
67 -13 -83
-48 -51 47
82 98 -60
b
-44 -41 -71
-14 -80 37
26 -2 -23
b
56 -65 25
-19 -70 -57
-69 -37 37
b
64 3 16
-51 -31 -67
58 -20 40
b
74 -59 -12
88 -46 88
65 30 -81
b
-24 -20 -30
-90 -6 -95
9 49 9
b
85 -98 -45
23 -43 -65
73 -83 1
b
56 14 43
87 19 71
38 -38 -97
b
80 82 83
91 0 84
-43 16 -50
b
9 -97 -1
-46 -7 7
-76 -65 75
b
-32 -44 -67
-70 -10 -79
22 61 21
b
27 5 88
29 8 -79
-74 4 21
b
-19 42 -44
-12 6 -42
34 -21 16
b
5 -61 35
-20 15 45
-82 -1 -48
b
9 -65 -72
20 -58 -85
26 -73 28
b
-53 90 50
-21 -20 45
-86 -28 -79
b
-92 -39 -71
-91 59 48
-8 71 -66
b
-41 1 -69
76 27 -51
-97 -77 48
b
-47 87 55
-2 74 -45
53 2 72
b
-98 -5 -24
86 64 61
-73 -62 -5
b
84 26 15
25 -84 -88
16 -76 42
b
92 28 44
-89 77 -54
48 45 -42
b
54 67 -4
28 2 82
-34 13 -12
b
22 -75 -80
96 37 -21
-78 25 -48
b
81 -22 -32
59 70 92
12 15 53
b
31 93 13
62 73 -97
81 99 20
b
-40 43 67
42 32 98
28 99 -8
b
-1 47 -54
34 -92 -20
21 54 -47
b
-10 -62 49
32 -59 98
64 -58 -8
b
-79 -70 -43
-23 23 -42
-32 94 -99
b
45 -82 -27
-41 19 5
-87 84 69
b
-5 41 -66
-79 38 12
-32 -45 -23
b
55 74 -5
3 -77 16
57 84 -96
b
-33 3 27
68 -72 -70
-39 9 34
b
53 92 88
-33 33 -41
-90 40 95
b
46 -18 -86
4 -68 -83
-98 -53 59
b
57 60 69
-69 -18 -76
45 -1 6
b
28 -47 -40
63 -70 -44
87 83 -26
b
25 -15 56
-94 53 -94
-26 -10 14
b
-19 65 -99
-86 21 90
68 -42 -76
b
-41 34 -73
-80 90 -72
-8 -17 6
b
66 41 -99
-100 52 34
-12 -46 23
b
16 -73 -28
25 -72 -32
64 36 24
b
13 -85 47
7 81 48
92 70 -60
b
56 -53 -38
-88 36 7
63 -80 -72
b
89 -69 81
74 61 84
-8 -76 42
b
-23 80 -94
5 -20 -53
54 37 30
b
72 -77 80
-68 -59 -21
-56 87 61
b
-10 42 94
-90 74 68
-93 -21 31
b
97 -96 -13
-14 -38 14
-47 65 79
b
83 -2 46
85 -48 59
10 -87 17
b
-97 -76 55
-5 68 -51
-24 51 44
b
40 -16 -94
-56 -18 58
42 -42 17
b
-8 -72 86
-4 40 17
31 -20 72
b
-69 6 -45
-15 39 -11
32 75 -31
b
62 27 -68
1 95 -62
-76 -29 39
b
-63 -68 49
-6 32 -44
-14 -15 11
b
-25 61 -85
38 -92 25
-80 -93 26
b
-94 65 -28
-69 -81 59
-23 -66 -67
b
-64 -87 -12
-55 56 -40
-95 -25 59
b
-19 -21 87
-49 -5 9
83 -20 53
b
7 96 43
-58 -65 19
0 -11 28
b
31 63 12
62 4 91
78 -44 95
b
-24 89 70
-50 41 -54
-71 93 -19
b
-23 -2 27
-83 21 -13
-38 2 -11
b
-5 -91 34
48 -24 95
1 9 84
b
-11 9 -70
-69 -80 -17
-88 48 -53
b
46 -94 -65
-100 -19 14
85 -86 -12
b
-19 47 -20
-56 -53 -32
-57 51 -72
b
-39 -7 69
65 51 54
38 -74 -100
b
14 -37 64
-95 -58 -23
-64 18 16
b
-8 42 8
-89 94 -27
-2 72 84
b
57 -86 7
62 -75 27
19 -4 -1
b
93 -87 99
-1 77 45
-86 59 59
b
51 56 22
-39 22 88
-60 -98 61
b
-63 -99 91
-21 36 -29
-66 -44 45
b
55 5 -19
39 -28 -51
-71 -52 40
b
95 -74 -75
-62 -71 -59
-25 -14 17
b
16 56 37
48 -74 -91
33 -87 -4
b
-28 -92 -70
-52 40 28
-60 13 1
b
-40 58 -71
55 12 96
-46 -86 -11
b
-13 -16 -74
99 -36 -74
48 58 -63
b
11 -12 -6
73 20 0
-97 -20 -44
b
7 -26 -56
20 3 99
11 2 38
b
-85 84 -94
87 -72 67
-59 -80 56
b
71 23 -77
-61 73 -24
2 -41 21
b
25 -31 -22
-56 39 -55
-67 -88 96
b
-97 -42 69
43 69 71
75 30 -63
b
-74 36 -58
35 82 -83
31 42 -91
b
25 -75 31
-96 -21 86
76 14 87
b
71 90 -66
84 -65 55
-56 79 99
b
99 -36 -34
0 -86 93
14 71 -7
b
-62 -8 -32
72 -79 -78
-53 -78 51
b
97 25 -46
-38 13 51
-74 -72 26
b
66 5 73
-42 -43 -17
-42 30 20
b
-8 27 -78
-3 -33 -28
-79 -89 5
b
-77 -10 -8
-37 89 76
0 6 -22
b
-4 63 -37
79 -69 92
-74 -20 -69
b
32 -93 -66
-42 -4 -91
72 87 40
b
74 -65 -86
83 1 99
-100 -49 -35
b
-47 56 -89
24 38 -28
1 68 -94
b
65 2 93
18 12 -89
-34 53 20
b
19 -73 99
13 -36 95
80 49 -44
b
50 60 -46
-28 -33 -41
20 29 -46
b
20 96 -79
-52 7 -32
-89 50 85
b
-22 1 83
-84 72 -15
-87 94 -21
b
-20 -51 7
89 -12 27
66 3 52
b
67 44 -26
-82 -80 41
50 77 -83
b
83 8 -9
74 69 -7
-61 49 95
b
-94 -98 -47
89 -45 -10
-33 -87 -7
b
-60 -9 -88
-15 -23 92
15 -18 -97
b
68 -52 -52
-40 -63 91
-10 98 -80
b
-37 -94 -29
69 41 29
28 -84 41
b
-1 -76 -23
-12 90 27
58 68 6
b
-34 -34 -26
-49 32 -6
-99 35 -74
b
95 -82 -84
-37 83 -23
77 57 82
b
53 -70 -14
-1 -27 82
-54 94 15
b
17 26 -85
15 -7 -17
-16 19 27
b
19 -99 96
50 88 65
92 29 -26
b
34 -67 -21
68 -59 -85
86 80 18
b
69 -43 21
84 48 -11
-39 -99 93
b
-48 28 39
-72 -90 -73
30 70 -85
b
-28 -19 -87
-21 80 45
83 -15 81
b
-19 72 64
-52 32 78
-69 -61 70
b
84 74 58
93 53 47
-92 -32 49
b
44 21 41
-57 -40 -83
-54 63 35
b
58 71 50
-36 75 -96
12 68 23
b
52 -75 -92
66 79 27
-7 76 -30
b
-8 -23 -44
85 84 31
-92 77 40
b
-58 -87 62
-47 27 -39
-56 7 -13
b
-5 -99 -16
30 34 99
35 -87 18
b
85 -88 -40
-72 11 -54
64 -39 38
b
81 55 -55
-99 79 68
90 65 -1
b
62 42 -22
5 7 31
61 23 47
b
66 20 -60
8 -4 19
-27 -46 -82
b
-40 54 34
-18 -79 -33
51 37 -38
b
-60 74 12
-47 -4 -32
92 -92 -22
b
-27 59 -37
-33 -5 17
-66 35 -56
b
-25 62 42
90 -44 74
-53 -88 67
b
24 -56 -21
89 10 87
-17 -52 -13
b
-79 -23 -92
-68 -58 31
-22 -30 -83
b
55 76 -80
-21 -12 71
-31 26 -7
b
74 73 75
71 -82 -80
-61 -3 -3
b
-61 4 85
46 -18 24
89 12 60
b
15 -25 4
-84 92 -12
55 -67 18
b
49 -73 -88
28 -31 -18
-31 56 66
b
-53 45 -21
61 43 -87
81 4 67
b
-99 37 -55
-66 50 28
-90 -62 25
b
93 11 76
63 15 -31
79 50 -65
b
-57 -19 -77
87 73 -52
-30 -84 -53
b
48 -27 24
-38 -43 47
-29 -82 -19
b
18 73 23
-43 77 57
46 27 -54
b
-96 -42 12
10 82 -55
35 -84 89
b
-78 28 -48
10 21 -95
-50 -70 -69
b
-39 -53 -49
-73 0 70
-12 31 84
b
34 -90 -29
-43 -10 -51
92 31 -57
b
-61 -89 -60
-66 60 64
-87 45 59
b
-26 64 -12
20 -87 -49
-8 12 -57
b
-75 97 91
73 9 -74
69 80 -4
b
-97 96 -59
70 -30 57
29 -74 74
b
70 14 -49
-24 72 90
2 -1 56
b
-22 -77 21
-61 -80 22
-86 -88 29
b
52 12 -93
-36 56 -90
-57 -76 51
b
-86 65 78
59 96 -96
75 -29 3
b
48 25 -53
1 84 -13
76 -59 66
b
60 65 -35
65 17 -36
89 -61 90
b
70 -70 -98
-98 -67 82
-47 -50 56
b
66 38 -97
90 -91 2
-54 -4 -51
b
-53 58 19
-5 -45 -21
-43 26 66
b
82 -64 -2
40 56 -49
14 -74 28
b
22 -55 -29
-32 41 91
-38 -32 11
b
55 87 -65
22 87 90
36 67 -91
b
-29 -50 -53
12 71 55
16 11 48
b
52 -99 -98
-40 2 -40
2 -82 -75
b
-67 11 -94
78 86 -34
20 -95 -21
b
-92 -51 -10
86 -74 -100
68 -64 49
b
27 -87 -56
-26 26 76
-59 77 62
b
45 -69 -57
5 21 -5
-3 65 -8
b
31 -22 -46
-84 26 57
-53 -70 -85
b
25 -77 95
-48 -76 -5
92 -22 -52
b
63 94 -32
5 -29 -62
62 -92 -60
b
-17 78 -73
-15 29 63
88 -91 -54
b
-93 -33 59
14 2 92
-32 63 -88
b
-19 -24 6
61 -96 38
-70 35 49
b
-6 -2 46
-43 -67 -99
6 -40 -7
b
-37 -39 13
-88 11 10
-96 67 55
b
57 53 -28
-74 -33 96
-80 59 -31
b
-66 22 53
97 -88 39
-60 -9 -50
b
99 10 -5
-48 -44 72
35 38 71
b
-69 68 53
82 34 -13
-71 -14 -21
b
28 -1 -57
-41 -73 -8
-67 -77 -61
b
92 -62 -68
-92 -87 2
57 -18 -55
b
-89 65 96
95 68 8
99 75 -49
b
84 89 10
40 37 51
33 93 43
b
85 -71 -47
-3 31 91
-91 34 -78
b
-54 24 -14
19 19 -61
92 87 96
b
46 -22 88
72 -66 74
-77 1 58
b
-31 -14 59
-7 35 50
29 -79 -34
b
4 68 16
79 -77 80
52 -68 -95
b
56 -52 -35
-1 41 -15
-94 24 78
b
26 -53 92
52 -58 37
28 -37 -56
b
5 6 57
-16 86 21
45 31 79
b
-36 15 -49
15 69 89
44 -34 82
b
94 6 -25
-3 85 51
41 -32 -18
b
89 57 86
-78 43 74
63 -78 -29
b
-57 57 35
-89 -12 2
-65 -93 68
b
81 -31 -88
20 48 44
-70 81 -68
b
-3 -7 -7
-66 96 42
69 56 -4
b
-36 -42 -54
-86 40 -14
69 72 73
b
44 41 28
75 83 -92
37 -3 86
b
-18 -55 34
17 22 -29
-34 -10 19
b
59 24 2
-5 -6 59
-45 -21 42
b
-64 30 33
86 -2 -23
77 -43 -8
b
-91 -2 29
-64 -71 36
-11 0 71
b
72 -56 -60
-54 -63 59
61 20 -78
b
53 -22 -36
29 -75 45
20 51 -68
b
52 -49 65
10 58 88
51 30 -7
b
24 17 -78
-99 -95 43
42 -34 -65
b
10 -37 -7
-81 -23 -1
-72 -7 82
b
-86 84 71
69 -51 86
80 83 -88
b
47 78 35
-64 94 -24
-18 62 22
b
-52 -25 -10
63 93 -50
45 -22 -28
b
29 -47 -98
-73 -48 -47
-43 5 -19
b
-94 83 82
26 -73 -51
-5 90 -75
b
-48 -92 -64
21 55 -28
4 -94 -42
b
58 -88 41
57 5 14
76 -41 63
b
-15 -91 9
61 2 32
-35 -25 -23
b
-34 -77 60
96 -81 -28
78 -53 67
b
-12 -50 44
74 -72 -67
15 86 20
b
-26 79 61
1 12 -91
-52 -33 -93
b
24 -40 -33
-85 -51 31
85 78 64
b
22 91 79
-69 -25 40
-28 -59 -78
b
-67 64 -96
67 -69 24
-32 -16 1
b
50 -30 7
-95 36 91
-82 24 77
b
90 -31 -58
-82 92 -38
-51 69 4
b
-96 -80 21
-67 29 86
69 -58 26
b
-57 -30 37
4 13 87
14 26 74
b
8 -55 -46
42 64 -66
-84 -87 -49
b
-49 -71 25
-2 60 -82
-67 92 15
b
59 -60 -47
17 90 -94
-59 95 -93
b
41 60 73
-75 51 93
-81 -84 70
b
-5 30 54
64 -59 -39
-42 -17 -93
b
-23 68 65
-23 -5 -26
-88 27 23
b
-94 -61 48
-70 -59 -42
72 -57 -40
b
-53 95 49
-51 -47 -43
-21 0 82
b
-71 71 90
-41 69 -95
25 -46 19
b
81 -30 -61
85 -54 -12
71 95 -38
b
-11 -59 -33
38 38 -59
-63 61 3
b
72 48 -83
96 51 -80
-50 -72 -51
b
90 -43 75
-80 8 -60
-72 13 62
b
87 -88 -25
-100 -83 -49
-12 -3 -58
b
-43 -99 -82
-6 -69 -9
85 -41 57
b
-18 -14 -19
-60 -54 -1
53 -99 -40
b
-29 61 -34
93 89 70
-30 71 -20
b
43 96 -50
22 -74 31
-38 -42 66
b
40 -26 45
59 -58 32
60 -7 30
b
10 69 -40
-70 -96 98
-63 50 -6
b
13 -17 -19
7 84 -45
50 17 87
b
-22 -1 90
17 -72 -36
88 13 -83
b
66 -46 91
-43 50 82
99 -20 -99
b
78 91 -41
17 -49 64
-97 35 -68
b
-14 8 -8
-47 38 31
-91 99 56
b
-48 26 -15
66 -31 -84
-25 -47 -66
b
-25 38 54
-32 -30 -82
82 -20 -72
b
-40 -75 41
-55 26 -24
80 4 -56
b
-44 83 40
-46 47 -65
35 90 -76
b
-48 -40 22
-2 80 63
79 -51 -6
b
-53 70 18
51 -86 80
-59 -62 19
b
21 -7 51
-39 -86 -1
-96 61 -98
b
51 0 80
-78 68 -15
88 -31 -27
b
65 40 30
-43 -95 87
96 24 -6
b
-22 75 95
-60 -70 83
-92 60 54
b
-46 80 41
32 32 45
41 38 -50
b
-91 -37 4
88 -63 -58
-28 96 19
b
34 92 -82
7 61 -56
3 82 67
b
86 -38 66
85 96 -19
-4 -7 -79
b
92 74 29
-41 90 75
-80 -14 -96
b
80 53 46
-85 85 58
39 27 18
b
43 -26 -14
8 -57 28
-39 51 8
b
-48 70 15
34 -27 39
54 -30 -4
b
54 -91 -92
-93 70 44
-48 -57 93
b
67 -99 -34
-53 -14 -9
88 -88 99
b
89 -60 0
47 -46 -8
49 11 13
b
-16 0 -78
-19 -99 21
1 9 -87
b
82 10 53
0 65 61
-45 10 90
b
-97 -81 -42
-58 -19 99
-78 -27 -39
b
-44 74 83
0 -31 98
-78 -73 -46
b
61 8 -24
-13 -52 -30
-22 91 75
b
29 68 16
-30 -11 95
39 15 55
b
-22 -7 -34
-55 -62 5
-53 95 -26
b
18 -90 -84
86 50 -4
-71 88 79
b
44 49 53
17 -40 -17
50 52 -68
b
60 10 -40
-93 -35 94
44 -85 -1
b
32 54 -45
-59 -53 75
45 -40 -61
b
9 -34 -47
57 -92 -40
54 56 9
b
62 -53 54
68 -56 -59
-96 -58 16
b
67 -100 -69
39 44 -68
60 96 -41
b
18 -96 -47
98 56 -80
-9 59 -99
b
35 29 -23
-56 15 -7
59 -25 -61
b
91 -63 45
-39 34 -33
-1 -25 -19
b
27 21 54
32 -100 -79
-30 -25 -45
b
95 70 87
-26 56 44
-49 9 -10
b
86 -56 33
-73 57 6
-6 20 21
b
-40 -76 -74
5 85 74
-84 -20 -74
b
-2 21 -64
54 -91 -64
-45 59 -58
b
38 -41 95
-1 -70 35
-96 -14 -7
b
-15 79 -79
-60 -95 -20
-63 23 23
b
-11 72 36
-91 -55 42
-38 -12 -50
b
66 -25 67
15 80 92
55 37 36
b
4 -23 58
-46 77 43
44 73 -47
b
6 -47 -72
-60 -87 34
64 -30 -58
b
22 43 56
24 -58 42
99 -66 -18
b
-46 27 52
74 -64 -45
25 87 83
b
-100 -12 97
-73 89 -38
36 -97 48
b
-49 50 65
-9 -14 64
-18 91 -11
b
-11 -98 77
94 0 3
79 -30 45
b
-58 -74 -93
11 -84 12
-29 -4 -88
b
-70 43 17
36 -63 -83
-51 -19 49
b
-50 -51 -25
-31 -100 -14
-68 -64 59
b
-40 71 -64
-12 11 92
10 62 -29
b
-79 -63 39
-18 36 -94
-5 84 -20
b
-77 -10 -21
25 75 -92
-58 3 22
b
-42 3 6
37 16 11
-8 -16 -9
b
-8 99 -47
31 -35 40
-34 24 32
b
-66 82 -69
-20 17 -64
-30 5 -73
b
22 55 -77
-22 55 94
99 -56 37
b
-48 96 -18
-90 -95 33
15 -41 43
b
-37 96 -2
-99 -16 -30
45 89 58
b
44 51 -75
-33 -74 -26
26 -56 43
b
78 -63 -38
50 68 74
-49 -19 18
b
-42 -54 -84
-5 -92 41
5 -4 19
b
31 -54 -78
61 -22 -70
-43 -44 17
b
-25 -53 -38
20 -77 86
20 -55 36
b
50 68 -4
-6 99 -8
-9 -46 40
b
75 75 -48
89 24 -92
-59 14 -18
b
-17 -63 -65
80 -48 95
9 56 41
b
38 -23 78
84 14 -81
-55 59 84
b
37 -8 -21
51 -20 58
-82 -63 36
b
69 -20 48
54 -60 72
71 -59 -71
b
-41 74 -8
-57 -72 -96
-42 57 79
b
46 36 42
95 -85 14
-94 65 -58
b
31 6 23
-90 68 -54
-8 90 92
b
50 -19 -70
88 -41 -61
-60 40 -56
b
93 69 -54
1 3 20
46 9 -33
b
-72 -63 58
2 -26 32
10 49 -42
b
43 93 32
49 60 -77
-27 97 -46
b
-74 -96 -60
-22 97 82
-25 -90 -71
b
1 88 -35
22 -48 -36
-89 25 92
b
70 -75 99
6 23 64
31 -62 66
b
57 33 -16
-28 -95 -75
-74 20 35
b
-97 -90 -9
-96 -88 81
-41 -37 91
b
0 56 29
-20 -15 -59
5 -68 39
b
67 80 81
12 36 -86
80 -99 69
b
21 -51 72
94 -72 25
-32 -55 5
b
2 -6 90
-98 -33 61
87 -71 -41
b
-83 84 -50
-12 72 -37
3 24 45
b
83 79 22
-75 54 43
84 -58 4
b
-78 -23 1
68 -56 -63
-21 -83 6
b
-6 74 75
-88 98 -14
-51 43 43
b
48 30 -41
-61 53 -3
84 34 -51
b
-15 -88 -92
-62 0 -77
78 -25 69
b
-40 -69 -94
8 52 -34
-35 -11 -16
b
0 -98 80
38 58 -47
51 -94 -9
b
-47 -84 72
-32 -47 23
-61 -89 -62
b
-33 67 17
-66 -15 -17
18 -47 -13
b
-67 -54 -51
-90 -65 -24
-9 -86 -61
b
87 -78 -80
-41 14 45
75 6 -79
b
-82 -63 79
75 43 19
-16 84 44
b
50 55 -65
-28 -1 3
90 96 93
b
-68 18 -69
-39 58 -100
85 74 55
b
57 -27 -81
-39 88 71
14 72 69
b
66 -59 18
-81 -17 2
22 58 83
b
-32 48 40
-27 -18 -88
37 -72 66
b
-52 -86 -15
-51 -50 87
-14 -54 -2
b
-70 -99 -79
-79 -30 -14
-76 -20 2
b
66 -73 91
8 67 -62
1 -72 32
b
86 -25 29
-61 9 0
-99 43 -94
b
1 15 85
46 -78 17
5 29 -16
b
12 -68 66
57 92 28
-46 98 -58
b
-55 -21 92
4 32 39
-44 0 82
b
15 23 60
14 40 9
-59 2 -68
b
83 20 -46
22 90 -91
-49 19 -43
b
-42 6 -52
-11 -69 -14
58 73 49
b
-1 3 24
-95 35 55
9 -21 41
b
-50 21 -87
21 -3 15
74 18 -55
b
73 39 -90
11 -94 -27
82 53 99
b
-39 -9 -89
65 -2 16
-39 8 -45
b
83 18 -48
47 46 -31
73 7 44
b
62 -55 33
-54 72 69
-84 0 -98
b
25 18 -45
-17 -13 -83
-76 -48 -48
b
90 83 -37
-47 -45 -17
-8 -54 -44
b
15 7 -71
-49 83 -31
84 65 84
b
17 48 56
-43 75 -67
30 -55 -65
b
68 -34 67
7 -76 -23
-90 -77 -1
b
88 96 75
-46 31 12
-16 13 -95
b
-22 58 11
-87 -55 85
67 73 6
b
-56 44 57
-51 42 -87
-89 71 -26
b
45 75 58
-30 82 18
81 6 -35
b
-62 54 92
0 -45 -47
-95 65 -45
b
-53 60 97
35 22 -70
-45 53 -12
b
-45 66 -21
94 0 -80
-11 59 -87
b
-2 -100 -76
27 -52 -92
-71 -77 -75
b
-19 -99 -70
38 7 -11
36 85 86
b
99 24 46
20 -59 -19
-90 63 29
b
-72 -67 94
54 28 -30
-34 -61 73
b
-13 16 -69
90 34 94
-10 -84 -53
b
66 28 -4
30 85 79
-41 -3 -97
b
-17 30 -22
94 -33 -33
69 -38 6
b
-47 73 -45
-59 16 -78
82 28 34
b
38 -43 19
63 75 47
53 47 64
b
30 -70 -32
-81 -29 47
76 56 -40
b
62 92 -84
0 60 -21
-95 43 93
b
96 -3 -34
37 -73 -34
-48 3 -16
b
24 -68 -39
-76 87 -60
-17 -94 61
b
4 -83 55
-18 -63 93
13 -35 75
b
-24 -28 77
-35 23 -15
-9 33 -2
b
17 -93 -37
-4 -84 58
-38 74 -68
b
75 -35 3
-75 -2 11
-35 -45 25
b
-50 97 14
5 60 -82
91 -53 -47
b
-50 16 29
-77 24 -31
-36 -84 -82
b
6 -43 -75
-3 -26 44
97 -55 84
b
-20 -7 24
-58 -64 -30
-46 45 -58
b
-5 -40 51
72 15 90
59 88 -72
b
-52 -90 -89
7 41 56
61 -12 -93
b
11 53 15
-14 -24 35
-45 -45 -92
b
-94 41 86
14 -8 70
-47 -62 -89
b
-16 -19 10
60 90 80
-53 74 -75
b
-28 5 71
-49 3 70
-66 36 -27
b
33 -62 18
-6 18 70
4 95 -23
b
97 -36 44
48 -59 80
23 30 -57
b
-50 36 88
-97 -3 -1
80 91 -21
b
66 -59 58
72 91 -26
73 8 -45
b
21 69 -75
47 -44 -97
53 94 -23
b
86 11 56
-70 -100 -5
8 7 -60
b
-17 -64 -82
36 -30 -56
70 17 -72
b
-100 -5 -9
-17 -23 -53
28 20 24
b
37 30 -79
47 79 -71
-14 88 -39
b
76 -4 84
-44 73 -69
78 70 64
b
84 -72 -89
-53 -89 2
-15 90 -94
b
18 82 -67
18 71 29
79 52 -58
b
69 -21 -16
73 -29 59
-93 79 -18
b
87 -80 -86
10 -59 -7
-1 -38 -73
b
59 7 82
32 -47 30
86 -15 85
b
6 36 -92
-27 84 -91
-50 76 -64
b
-99 58 -93
-19 75 -66
88 -50 -98
b
57 77 27
88 -49 -16
-2 -48 37
b
-8 -37 57
-6 13 34
45 14 77
b
-39 54 82
1 -16 5
93 -24 -24
b
2 61 84
89 -26 0
55 -78 -97
b
62 72 -52
-44 21 11
73 32 70
b
-12 -52 49
-1 27 34
-9 -89 -31
b
22 97 18
16 13 -80
-71 65 -23
b
69 -63 45
76 68 37
-73 -50 -90
b
96 89 38
-72 86 -68
-2 90 48
b
-82 93 -2
-84 50 -49
50 -48 -65
b
-54 86 50
59 95 -23
-10 44 -85
b
-28 -29 -37
-57 -18 2
-93 -69 -24
b
-33 30 25
16 2 50
-40 0 79
b
24 -84 -89
-28 -95 -34
-83 -18 65
b
-64 28 -15
3 87 62
-32 -26 -9
b
-60 -19 -24
-13 66 91
-64 -45 -74
b
46 64 -72
37 -72 14
-37 76 82
b
43 45 -5
49 19 -56
42 99 -27
b
-21 99 -99
34 -95 45
-99 61 -4
b
-52 -28 -66
27 47 -52
34 64 72
b
-83 15 -14
-81 -78 30
-70 23 18
b
5 41 -12
57 -52 85
-10 45 99
b
-10 -81 -50
80 99 -60
3 55 -95
b
42 53 -15
28 60 70
30 83 55
b
-25 41 13
-38 69 -9
27 -88 -91
b
59 -83 96
-12 20 -20
-39 -39 64
b
18 61 9
-78 -92 -50
42 33 16
b
-2 24 7
98 41 -100
45 74 41
b
-47 -21 -52
-99 23 -36
3 -12 62
b
-5 90 59
0 38 88
-87 48 -94
b
77 85 -18
47 -59 -20
-70 -28 -5
b
-3 38 47
42 -78 19
-73 -69 80
b
59 -39 92
36 95 28
68 -33 -36
b
-54 -89 55
-56 -20 -73
-86 -55 -57
b
-99 -62 2
-43 -66 -76
73 39 54
b
73 98 -18
6 -15 63
40 89 -92
b
-37 -3 71
-39 -43 22
-38 -93 40
b
94 -35 -26
-69 -39 84
15 -99 -4
b
-26 33 -20
-31 -60 -74
-98 22 21
b
52 68 -66
86 82 29
-39 -8 66
b
-42 -84 -95
-78 8 40
59 51 99
b
-60 -32 98
-66 -6 96
50 -71 74
b
81 -2 83
-93 -26 88
83 41 59
b
-80 67 -75
-28 21 8
82 74 -90
b
-93 67 -60
37 73 76
23 95 73
b
-53 -74 34
-27 -82 -42
-84 -58 -39
b
31 -22 45
-87 69 -33
98 61 -36
b
-9 68 -16
36 61 -98
24 -40 55
b
-79 -30 -98
-34 -68 -25
82 87 2
b
-62 -7 81
-84 -45 -35
-6 -2 -59
b
-70 76 -70
-92 -46 -83
54 -73 81
b
-52 67 -75
9 67 -56
-75 21 -6
b
7 -7 -49
49 -83 82
42 92 -48
b
-18 -32 -20
86 52 96
-13 77 -79
b
75 92 -28
-73 17 -51
-22 -61 -98
b
-97 58 28
-43 49 44
-34 90 87
b
-38 -45 -93
-62 -81 68
-16 -29 -32
b
-16 -98 -9
54 -75 26
70 -10 -24
b
68 -93 -74
-5 -25 -62
-85 -77 99
b
83 -48 -93
35 65 10
91 0 -66
b
75 37 -5
-89 -22 67
-79 78 94
b
-88 2 -86
96 -34 -45
20 -23 -54
b
-63 -86 68
38 15 -36
-4 68 -59
b
-94 -93 40
65 21 82
-48 -27 12
b
14 -38 -39
67 -45 96
13 42 73
b
78 -92 59
28 37 71
-12 35 33
b
12 -54 9
92 67 63
70 61 91
b
-12 -93 61
99 -87 26
22 56 -8
b
-40 85 87
62 -84 8
-53 49 2
b
-93 -88 58
39 -40 49
69 66 43
b
-62 -86 26
94 95 51
-83 -54 -72
b
-93 87 79
28 -74 65
14 90 -80
b
15 20 -29
-2 -17 64
-15 88 -18
b
52 -86 73
39 -54 -96
-74 -100 18
b
1 -72 59
-68 -68 -43
-77 10 -84
b
-89 -68 18
4 22 -80
-90 -24 -19
b
-48 22 1
-71 92 -78
18 -67 91
b
-64 -41 18
-85 -28 -57
-57 -33 -76
b
-81 -58 -62
90 -95 -41
15 -97 -3
b
-42 -35 -24
-88 -37 -22
-52 -44 49
b
-58 -100 -35
-53 53 4
28 47 57
b
-70 -33 -58
69 -45 -59
29 -31 -74
b
-71 -98 60
96 24 -85
-6 -68 28
b
19 -77 -24
9 9 -66
-26 -88 42
b
-69 18 96
64 -97 34
59 29 -79
b
-1 -61 13
-53 57 -56
0 25 25
b
67 45 -58
75 85 81
-59 -89 29
b
91 32 61
-67 38 74
62 53 -23
b
-4 -48 -16
-11 79 45
-74 -37 -24
b
-77 -10 35
52 -74 72
0 18 -49
b
-26 5 39
26 -74 -9
-28 -19 44
b
-64 -42 -57
-40 -96 83
-19 -43 34
