b
29 3 35 -2
35 -50 -39 98
-68 51 26 81
-90 81 29 87
b
6 45 -56 32
77 3 40 39
-19 -88 -4 -83
87 -18 92 83
b
40 26 -2 -63
-80 -40 -1 66
-62 83 17 -25
-53 -69 -65 45
b
-81 -17 92 -36
69 -92 86 41
-7 -97 -73 -98
74 -77 38 -10
b
-38 -56 -53 58
70 69 78 45
-20 18 53 62
5 -67 -88 51
b
15 32 -23 25
67 35 -91 8
22 -4 96 -39
80 -12 -14 -90
b
-25 -100 -93 -61
-93 -99 63 -54
90 86 18 -15
24 24 55 65
b
-49 17 -56 -89
26 -6 51 27
21 69 82 -96
-22 -49 -65 -66
b
-36 38 -62 96
6 67 68 -33
-89 0 -72 9
86 -44 60 90
b
-48 20 39 -68
-29 5 -32 -42
-22 -43 11 -10
-40 26 -39 37
b
-96 -24 51 57
47 44 -34 45
57 -37 11 -90
34 -85 -64 -70
b
95 -27 -2 56
52 -15 82 90
56 76 -20 74
-14 -17 69 -72
b
79 -46 73 68
-40 70 -71 57
24 46 74 -80
64 39 48 91
b
-12 96 -53 7
95 -17 51 54
65 0 2 -92
64 -30 -9 93
b
89 -72 34 -38
2 68 -18 -100
-42 -32 84 -75
-38 -36 51 -79
b
59 70 -69 14
11 21 87 17
-74 3 41 -30
-20 2 -17 -14
b
-45 78 -74 24
-79 -79 -66 96
52 -88 70 -100
4 86 -2 15
b
-30 -29 98 -27
-99 -32 79 -12
-44 69 63 11
12 63 44 68
b
6 20 -78 17
64 -51 67 -34
-85 70 6 -32
-67 98 53 24
b
20 -6 43 -29
17 23 -28 -26
-69 -50 -64 94
59 91 -7 -84
b
-6 37 -97 -44
94 -72 69 -96
-10 -50 95 59
-54 57 -30 -20
b
0 89 23 -97
99 -85 -78 -38
86 -71 95 94
8 89 -81 71
b
-53 -61 -43 20
38 -7 6 -8
16 -29 -61 -91
46 0 -63 -53
b
-68 -36 -51 -71
97 -95 4 -6
-4 39 31 70
43 -63 -99 93
b
-18 -30 79 -25
-2 72 -93 -11
80 -99 -30 55
-19 22 -19 -54
b
-54 84 55 32
50 -75 -15 -78
-88 -52 -68 63
19 -62 -36 -12
b
87 -97 54 -92
-34 -85 -58 68
1 -77 77 84
92 -10 89 36
b
-18 77 -83 -37
-43 -78 -74 92
-23 21 3 -79
-56 -82 -76 -42
b
-75 -67 30 -43
86 -48 22 47
-41 92 25 66
98 -80 -44 -11
b
68 -12 54 -93
42 -32 -21 -93
79 32 0 -98
-1 54 -60 -60
b
72 -6 -54 95
48 -86 -43 -23
62 -17 -16 12
38 -73 -64 38
b
-29 55 51 59
95 -91 74 -64
15 -78 78 96
-3 -48 -77 -66
b
1 -71 -14 77
-95 -17 33 63
35 -8 -93 66
-76 -67 48 -16
b
93 75 -27 59
21 -49 57 -89
19 33 44 2
-94 -94 24 38
b
77 -35 62 -31
-98 36 -43 77
-83 25 10 -70
62 -95 58 -8
b
17 14 -60 -100
-62 69 -1 -58
99 -61 90 6
96 -12 -37 -31
b
95 21 26 13
-92 8 28 -14
-93 -8 -72 -29
-39 -74 -71 -71
b
-54 -37 46 11
-49 -50 34 74
-77 -57 15 -58
67 -20 -10 -66
b
-80 -36 10 69
46 -44 -10 -48
16 -33 -4 -32
-25 57 -3 80
b
-10 81 91 -21
19 -48 84 50
20 43 -100 -17
1 -94 30 -28
b
31 48 -67 26
-7 -78 34 46
-86 43 37 -30
66 78 -25 -38
b
67 44 -73 3
1 66 -99 -94
-93 29 83 9
2 8 81 42
b
-20 50 -97 64
58 23 -42 -20
-55 -38 -17 -75
-87 -10 57 31
b
84 -53 65 92
-12 38 5 -18
-54 -79 -33 11
-8 -73 -24 -50
b
-73 49 -34 -34
-36 -92 -62 -79
42 56 -52 51
71 17 -68 -98
b
-41 -24 -8 97
13 48 -95 -45
-36 -52 -5 -50
82 -60 -13 45
b
-56 49 -30 -35
-100 -20 -54 -94
-65 44 -2 -16
12 -71 -35 -4
b
22 59 -80 30
40 73 -68 68
-89 9 -13 21
42 -41 31 82
b
-22 -41 -34 16
-18 3 -53 -74
-52 -43 -12 40
-50 -42 -29 47
b
78 -37 60 64
75 10 -22 87
70 -85 31 -95
43 12 -86 98
b
-30 -70 61 -19
-61 34 49 21
-72 -92 16 34
60 81 97 -48
b
-47 27 74 94
7 63 15 -91
66 49 59 -73
53 48 75 20
b
41 52 -65 17
-96 55 41 -64
-36 -50 -22 38
-82 -49 56 0
b
-84 7 -97 6
98 -6 24 92
-77 -48 48 -12
-28 -8 97 83
b
-16 -69 -41 -78
-42 -36 -51 -13
-54 -91 -71 -28
6 -13 48 -28
b
-99 -59 -63 87
-90 -51 38 15
59 -17 -58 37
15 -100 -74 -5
b
66 97 47 -72
-52 0 -24 -19
46 -6 64 -19
-73 -31 -79 -6
b
-40 86 39 40
-54 68 84 -86
51 -69 22 63
68 -69 0 87
b
-94 64 22 9
-56 -49 -41 59
-72 98 -44 14
49 -87 -45 51
b
-60 18 68 70
-99 -84 73 -6
-14 44 -86 -39
24 41 -87 80
b
13 8 46 -63
-38 -54 -28 -66
87 -6 19 94
-7 29 -65 -6
b
74 -46 58 -3
47 -50 75 26
-40 -45 -82 -98
51 -62 -22 -25
b
-12 11 76 -40
64 -59 -6 -41
94 -48 6 7
85 48 30 1
b
-66 97 -18 19
-1 -13 22 58
-60 69 19 -100
-11 27 -32 68
b
-71 -50 22 -48
-15 5 -63 -83
57 67 -27 -23
35 -30 -82 -28
b
44 -46 -90 38
10 -54 -40 99
67 -16 58 -31
-59 -84 81 -40
b
-81 -8 -32 3
-7 -69 -87 -2
-35 51 35 -71
0 85 69 26
b
99 80 -79 -48
26 27 6 -13
50 8 -14 92
63 -98 68 -23
b
-79 61 31 56
36 -17 -41 -94
-42 86 0 -99
24 62 -26 -42
b
-25 90 12 -91
-76 54 -5 -63
-10 -47 -28 -60
-59 26 -35 15
b
-25 -80 64 98
67 28 6 -58
86 -83 43 -92
-58 50 60 83
b
-55 -60 88 78
65 -16 -88 -39
-37 79 -63 41
-90 -10 85 41
b
-53 23 5 24
-52 -75 9 -54
-7 37 -91 1
8 98 -30 -91
b
71 3 -5 24
72 -12 -6 63
-50 44 -5 -92
75 98 -47 64
b
23 96 40 -73
-76 53 -45 -60
48 -91 77 -38
82 -48 -80 -65
b
2 97 -90 -21
-20 -98 34 59
40 -52 11 1
-34 -21 56 -25
b
51 -8 -50 -73
67 -46 49 84
-59 -78 -76 76
5 37 -63 59
b
-56 61 -100 34
-48 -12 96 73
5 -20 -5 93
-89 71 -92 -57
b
-68 10 -13 88
-27 -72 -21 75
45 -25 17 -62
31 82 2 -54
b
29 10 98 82
19 -7 38 -30
-16 -66 -62 -30
-41 -66 1 -25
b
-90 -35 34 39
-34 42 37 36
29 55 -74 31
56 84 85 66
b
88 23 -98 62
24 79 -22 9
69 13 32 47
-67 26 -12 -89
b
-78 -91 -57 -70
-74 76 -37 -73
89 -82 8 4
-95 87 -9 34
b
45 -72 61 40
36 -12 1 59
56 87 88 -34
-23 -46 89 -64
b
-23 13 43 -58
-6 95 -85 93
-61 24 -38 -40
-5 -4 23 7
b
-73 24 -26 20
37 35 42 -92
-30 -12 -93 -64
-32 48 5 -44
b
31 65 -77 4
25 22 34 53
-64 -1 -39 -28
16 -22 -6 -89
b
-2 62 12 -92
55 33 94 -37
-61 -21 -41 -24
-45 1 -14 -41
b
-87 -57 -59 -27
37 58 -7 -58
-41 -52 -44 -30
-29 20 -61 -35
b
18 97 51 46
-72 2 -93 -60
-11 -31 4 14
-16 -66 -61 -8
b
57 -51 -36 -93
43 -35 -73 -64
-40 -55 92 87
-89 93 92 -46
b
-58 -24 52 -14
-15 -40 44 -92
74 31 -6 6
-84 79 93 82
b
-52 43 -53 -98
43 66 -30 68
32 91 91 8
28 81 -45 8
b
2 -71 15 93
34 18 24 9
-11 -36 29 -34
32 -22 -13 83
b
-60 -89 5 9
39 64 -27 46
-17 -41 -88 73
-15 -13 58 -47
b
12 64 33 -21
29 58 -23 -4
-79 -65 -66 91
66 -20 23 32
b
-20 -13 55 -16
5 91 -62 -90
-29 78 -8 -90
26 -41 33 -39
b
79 -89 89 -63
45 54 -3 -16
95 43 -24 -23
-84 -14 45 19
b
28 40 -70 11
57 81 63 -64
31 -34 15 -42
-86 40 -51 60
b
-11 30 11 -54
10 -43 28 -13
-43 53 -89 -18
99 15 -80 -18
b
70 93 -69 -55
-11 71 67 -74
-88 -16 99 2
-73 23 96 9
b
96 -1 84 93
-89 -37 1 -32
31 10 19 3
-52 -75 -68 5
b
-77 1 -59 -48
98 73 -51 50
-67 -55 46 -20
22 14 -54 10
b
-29 51 25 -56
76 -46 46 63
42 85 96 24
-54 70 64 -45
b
35 84 41 -6
-61 -2 -7 -49
-16 78 7 -5
69 -43 -16 63
b
27 -20 58 -65
-55 77 50 26
-42 37 -78 10
-41 15 -36 39
b
-99 50 -84 99
-41 -81 62 -40
83 -61 -75 82
-60 -69 20 -6
b
88 3 -17 94
-1 19 2 -10
-97 82 50 94
37 -81 -30 -71
b
33 -71 -44 45
71 19 -100 46
49 -52 58 -30
-10 5 86 92
b
-78 -20 25 25
-2 73 80 -30
50 82 -9 29
-41 13 61 -28
b
-84 16 -96 61
35 37 -68 -14
85 23 -64 61
68 19 -6 -8
b
42 -9 -90 -48
-21 96 -69 84
-74 35 82 -5
30 -44 -75 52
b
9 9 -78 -44
-15 -62 -72 82
-100 -35 37 39
-37 27 17 67
b
70 -13 -22 -81
-70 40 -22 9
17 14 65 -69
42 22 -1 -21
b
27 -12 5 60
41 -94 70 18
-11 28 85 97
13 58 -79 51
b
-15 -17 -28 20
-92 -60 85 -22
-99 -27 -1 -32
49 -86 -50 -1
b
-2 -61 -57 83
-99 -59 8 -69
41 5 39 7
74 -30 68 -80
b
-53 47 16 -96
-1 -80 -32 -73
-57 -32 -25 31
92 -55 25 81
b
13 85 16 -97
34 -36 59 80
66 -31 98 -87
-54 -19 41 20
b
52 16 96 -90
-47 27 -93 41
4 89 81 -97
-87 -54 -63 58
b
23 66 15 61
-19 63 96 28
47 -44 37 84
32 -29 -97 -27
b
49 -24 13 -72
-69 15 -39 62
80 -29 47 -69
-100 -28 -56 -38
b
-13 87 90 -93
28 25 18 99
-77 -20 17 -71
-51 -100 -42 28
b
75 93 -95 41
-69 -43 -16 1
3 55 34 -83
18 -3 -64 -46
b
-8 -95 30 62
38 40 39 -55
95 74 32 7
55 18 33 1
b
-17 -73 -9 -47
-19 45 -23 60
-22 2 51 59
-32 -24 -12 74
b
-29 -82 -93 34
-31 57 -46 9
-41 -31 -30 4
57 37 49 8
b
82 66 67 -50
-76 -9 43 75
-30 32 24 24
87 74 -12 73
b
6 -60 -22 -34
-90 71 6 94
-70 -60 -81 68
4 -99 -16 43
b
-80 43 -91 -33
94 71 -82 62
-48 63 -29 -17
60 61 27 49
b
41 50 67 69
22 74 59 -56
-20 12 45 -56
56 92 -61 24
b
87 50 -83 -97
-7 -5 -27 99
8 47 99 -93
-67 4 54 -22
b
-91 -21 -19 -47
-15 -31 89 19
-8 78 51 31
58 -77 -26 -63
b
58 16 -16 -25
-62 42 -80 23
74 60 77 -26
-64 33 59 50
b
-14 22 11 58
54 -77 -10 52
58 -47 -87 -60
82 -43 54 60
b
50 82 -50 53
39 -2 -22 -24
-10 -52 8 -16
73 85 27 -75
b
-64 -6 66 77
-76 30 -81 26
7 -13 27 -33
54 15 7 45
b
-78 33 16 -32
-30 72 -36 -55
69 -34 -23 -18
-78 56 94 52
b
90 66 25 -88
-36 8 -52 83
-14 81 -99 -32
46 86 34 14
b
-60 68 -19 6
-77 -29 -95 -23
32 93 38 -81
-79 22 22 94
b
20 73 42 -79
63 -48 -4 9
-52 -26 -53 -67
17 52 80 -53
b
-97 68 -40 30
37 30 -23 40
-80 86 68 -79
-86 28 95 0
b
-3 45 -90 53
-49 76 68 58
-59 13 -88 86
91 -99 -86 17
b
1 -41 34 37
-31 -33 -24 71
66 33 57 83
92 98 35 -97
b
45 55 80 -24
-71 4 -74 -6
-52 8 16 -40
-71 0 -4 -75
b
-37 -15 -82 -29
18 -31 47 99
-12 18 95 -45
-99 -34 -63 31
b
-94 32 92 -70
-30 85 -49 65
-69 -7 -34 80
47 -69 -21 -46
b
-22 82 -13 60
-40 60 -68 -80
37 85 14 92
-43 -15 -1 86
b
86 4 -73 39
-51 -56 8 -19
-87 -12 91 -95
34 10 53 20
b
10 33 0 98
-31 -37 90 62
73 -30 69 -18
76 10 -85 -59
b
12 -56 -38 -56
49 -80 -84 36
49 -85 -36 -74
63 -22 19 72
b
-70 6 77 46
-6 31 -29 -44
-48 77 -4 56
-86 60 73 -5
b
73 38 -63 14
-36 87 52 3
63 -3 72 12
-32 71 -3 -51
b
12 -6 -10 -76
-39 56 -92 -79
48 29 -46 74
65 78 -4 -31
b
16 -64 21 -23
-41 53 -80 -74
64 90 -15 -33
-31 -12 42 48
b
-87 -99 -3 49
-76 -63 -20 -15
-67 -64 10 37
-26 -58 23 -35
b
8 59 37 34
-94 -54 -77 -4
-16 93 2 -75
-17 76 -42 18
b
54 -19 -16 -100
51 87 46 -24
6 -13 -45 -77
76 58 -56 64
b
-52 -97 61 93
91 -31 86 -87
-71 48 17 -100
-14 -81 63 -65
b
57 7 6 43
51 57 -5 -14
-70 -30 -1 4
88 69 -69 -5
b
98 28 8 37
-85 -85 -4 55
-49 -90 78 -7
-83 59 18 -13
b
51 57 -84 -51
95 -23 7 21
-21 -90 -15 27
29 60 40 -99
b
10 -11 3 50
-69 -39 86 18
-81 14 20 -4
-26 -40 13 -3
b
-20 15 -98 -12
45 22 -99 -34
2 -53 -80 -80
83 61 -40 76
b
-91 71 -12 -61
65 -85 -78 62
50 42 39 43
74 36 -83 -50
b
79 94 -61 91
44 83 5 -87
-40 16 -4 -29
-34 65 -34 -24
b
-12 -43 5 88
66 29 -7 -56
-4 -86 -64 -92
7 88 41 -5
b
-60 17 4 -1
23 10 85 -97
-86 -37 -59 33
11 3 -99 -53
b
48 38 -45 -11
22 -79 -36 -51
34 74 22 75
-98 -20 81 69
b
51 47 4 54
-7 87 49 75
-53 -77 -36 -84
-11 32 -45 -50
b
84 80 -52 67
96 51 23 -27
-32 15 31 -100
-21 81 -63 -60
b
88 42 -67 -75
83 3 -55 -9
11 -8 -89 -49
-16 32 -13 -77
b
-61 -26 -77 -49
94 -61 14 54
21 4 -22 37
69 74 65 -48
b
5 56 14 -43
-49 -56 -91 -96
24 18 -88 28
1 -41 10 -80
b
55 -18 -35 -88
-72 -76 79 16
89 -3 -80 28
36 -37 -88 53
b
-24 -29 55 -45
41 6 84 -31
-22 45 16 9
19 -96 -75 29
b
12 38 -78 15
-52 -80 64 -79
-47 -79 -30 -39
-35 -73 -75 -28
b
60 97 63 -84
-60 56 41 42
9 27 -76 -92
-76 29 73 85
b
57 39 55 -11
26 83 38 29
-56 -98 94 29
-95 98 2 53
b
-16 -7 36 -44
90 62 84 86
21 -22 -5 62
-3 68 25 67
b
-84 -73 -14 -37
27 -19 -33 -23
25 -99 57 64
59 -94 0 38
b
-57 21 -97 -76
43 -21 -48 -72
62 80 62 4
-31 62 -11 82
b
-13 99 -15 -79
65 -35 80 59
6 57 94 32
-61 46 81 14
b
-34 23 -100 -33
-61 -58 10 50
48 98 -98 61
-56 33 -92 -6
b
6 -2 54 -15
91 -55 67 -36
52 86 -89 79
42 -53 -62 -11
b
-13 73 31 -70
-17 42 2 81
43 98 -30 51
49 75 -94 90
b
94 44 76 -21
-47 -18 72 84
-17 39 -52 -21
39 -17 -64 16
b
-35 55 42 0
-68 26 -66 -31
91 22 -97 68
-57 -93 42 -68
b
-88 17 63 -47
-53 17 77 22
-35 63 8 44
-70 -41 19 44
b
-58 42 33 -37
68 29 -2 -67
-99 -22 -76 16
41 -3 85 97
b
-79 -69 -17 -49
76 -67 6 79
36 31 57 37
-19 6 -89 -73
b
1 55 63 -97
-57 -65 59 42
74 -89 -10 46
-100 59 -8 -59
b
80 -12 69 6
-2 -81 48 69
4 73 -73 -79
3 11 -88 51
b
16 85 24 -44
99 -5 -49 51
-38 -79 -18 -20
82 12 95 42
b
49 -16 -38 -35
55 -18 46 -97
-1 36 23 74
-99 -68 86 -44
b
49 82 -50 46
-47 81 -38 -22
36 -100 64 74
2 68 12 22
b
-56 46 83 -16
-21 -51 54 67
73 -86 -30 22
22 68 -83 59
b
89 23 -3 -37
-40 82 20 -53
-11 -77 -26 -74
41 63 -82 -51
b
-55 -100 -45 -5
-2 35 -45 -25
-99 -41 6 -92
44 0 -20 -95
b
5 80 -9 73
-50 -64 48 1
-74 31 48 -23
64 -96 87 76
b
63 -29 -27 67
-32 88 81 -38
-21 -38 -18 -98
98 -94 -40 10
b
-81 -41 -60 70
-19 14 -21 51
-61 -89 39 -65
96 -30 -1 -47
b
90 0 99 28
-45 -49 -84 89
-64 40 -87 -34
-44 -97 -32 47
b
-26 12 -62 -85
3 -16 -23 -12
63 -11 -76 -3
46 17 -7 -27
b
0 28 -100 -13
18 -69 -32 6
-54 -7 -78 -12
91 -7 -40 87
b
42 -68 8 -52
10 -22 39 -77
-38 27 -32 -24
-13 -84 11 64
b
-86 -11 -78 -24
40 17 -27 -36
-31 16 -14 84
-80 -73 81 13
b
-44 26 -77 -16
69 12 -94 -3
15 -35 1 79
67 -20 16 -6
b
-89 77 25 -62
42 23 61 62
-71 94 44 -8
-22 -58 48 67
b
65 1 95 -26
-48 -99 -7 63
-9 -52 87 -31
8 -80 66 -52
b
51 94 -87 14
72 30 -16 -90
-3 -2 43 73
85 41 62 -99
b
-87 71 -58 -48
-80 79 -22 37
86 24 22 28
-92 -81 55 54
b
-56 10 92 53
-75 -85 71 -24
87 94 10 12
-71 -48 -76 -20
b
45 -14 36 -9
-14 -75 -85 -36
-86 20 -32 53
-46 -12 99 -62
b
3 27 -76 -79
40 60 -80 89
22 -82 28 -95
57 -61 -87 -15
b
57 10 -80 -15
95 53 -30 22
76 77 32 -57
-21 -44 -82 -37
b
-7 76 -66 26
-51 -61 12 -14
-11 1 -37 -56
-44 -4 -30 -77
b
-9 24 88 45
-80 23 23 52
62 53 -91 19
13 71 -28 -65
b
-41 -64 -55 15
-83 -45 61 -6
95 16 88 -64
76 27 -4 55
b
-35 0 -86 -66
50 -71 -7 -6
6 -78 64 -79
12 56 25 54
b
-65 -50 -30 -4
-87 47 55 -3
-55 -81 1 75
25 42 86 -18
b
5 16 -78 -63
14 -53 -69 16
-68 -34 -40 42
91 61 24 31
b
22 52 -85 -49
-10 -29 -67 84
92 -99 23 -43
-48 44 73 12
b
30 11 51 76
-39 91 38 -26
22 57 14 53
6 -42 38 -13
b
-3 98 79 68
-23 -22 44 -6
-68 80 48 -79
-24 -96 35 -51
b
45 15 47 -49
-22 -23 65 38
3 -66 20 73
89 -99 66 -54
b
-26 62 72 57
-81 -38 -36 96
-9 18 -82 -95
88 -75 90 43
b
-94 40 33 -41
32 -42 -29 80
-67 -53 83 90
60 95 12 -11
b
-26 -53 39 -47
-92 -97 79 -88
21 -74 -71 55
95 -19 -22 -48
b
56 61 79 -31
-12 99 4 91
-39 88 -87 -66
33 66 -81 -80
b
-97 32 17 73
36 65 -3 33
-9 -67 18 44
-92 17 39 90
b
76 33 77 54
-97 43 43 -92
-16 9 31 5
84 -6 86 91
b
11 -37 -100 54
-65 55 -79 -69
90 -8 -96 -97
-75 81 87 -10
b
77 -57 69 -29
-42 -48 18 84
-70 95 33 -10
95 -60 -3 46
b
94 -59 94 -12
-80 61 18 66
67 60 -90 -23
18 24 -51 -50
b
55 -12 -58 -28
-54 31 10 43
-68 54 50 30
82 -72 90 13
b
16 -25 48 96
-46 54 78 -75
44 -45 -83 -25
54 83 83 34
b
13 -59 -79 -21
62 -10 56 45
-7 -19 -7 82
52 35 59 56
b
87 77 -42 22
94 -73 -98 -72
8 -62 19 -24
3 53 73 72
b
-26 47 -56 -30
31 -78 44 -68
78 -29 -75 30
14 87 49 23
b
54 41 88 51
-38 80 -29 -53
17 -13 -32 -12
-84 17 86 23
b
-37 -6 -66 -51
80 95 88 16
-91 -66 -57 34
-45 -78 -36 -47
b
74 -95 -84 51
-67 55 26 -63
-83 -85 95 -49
-55 29 81 -76
b
-49 -26 66 69
-26 14 -66 -27
72 -63 34 74
27 -32 -24 91
b
3 -77 -62 -91
26 -100 44 27
-43 -7 -28 99
-2 -94 -92 -100
b
-8 -75 -24 21
53 57 -12 -58
57 -91 -56 82
73 -13 -46 -18
b
8 64 -87 92
-68 -84 54 -87
95 78 -48 97
73 69 -26 -80
b
-51 9 -55 56
84 6 26 80
6 82 21 22
85 -80 -44 -46
b
79 3 51 55
48 72 -77 60
51 32 38 66
80 27 -5 80
b
73 -43 -5 -64
24 -63 -7 56
72 -67 35 73
-50 71 -40 -32
b
-84 24 -36 11
18 -80 15 30
-25 26 35 3
-38 13 8 74
b
67 94 -99 -75
10 24 -36 28
62 -71 -39 4
22 -37 92 -76
b
69 72 -89 -59
-9 -58 82 -84
72 46 44 45
97 -91 1 -24
b
-11 43 -67 -77
0 31 60 95
-77 -14 -91 -7
8 -70 -62 14
b
96 78 -16 -4
83 -26 -42 -78
-63 28 -53 -43
-2 30 35 -30
b
4 56 1 97
-41 4 53 77
-8 1 -22 52
-12 -38 70 78
b
-69 95 -97 -59
-43 -23 -20 54
54 -96 52 -25
-43 15 -21 46
b
58 48 -51 -9
98 40 62 49
-49 10 73 -56
62 -91 -25 -19
b
-56 9 -91 74
-47 -99 -84 57
49 72 -63 57
-90 -96 -11 95
b
62 39 -16 65
15 36 -63 -90
38 -69 -16 78
18 -27 9 56
b
94 88 29 -43
52 -61 88 41
-78 -6 -32 -63
-49 1 -9 -27
b
9 -87 -68 -10
-16 -31 -81 56
-11 11 5 -86
-99 97 -1 55
b
52 44 35 -43
50 18 61 -65
-94 -3 -44 91
30 -12 13 87
b
75 -56 -81 -5
-53 -23 51 46
-77 10 75 -30
21 61 94 10
b
85 5 -85 67
0 -11 -41 98
-3 56 40 97
-68 38 -58 69
b
74 -59 66 64
99 57 -94 -92
72 -29 77 -24
10 -79 -39 -26
b
-6 -18 35 -26
-67 85 38 23
-4 -96 39 91
50 -89 -58 -40
b
75 -24 -40 65
95 -42 -24 -69
-75 -89 -37 -46
88 24 -73 -43
b
84 -2 25 76
44 -15 22 24
3 64 65 -53
16 -68 -95 -50
b
75 -81 -14 28
-97 -73 49 -90
-64 37 -60 54
52 23 -71 -66
b
99 23 -93 88
-93 -80 71 13
99 38 -84 -42
-95 92 -25 -81
b
88 72 -100 58
-44 29 5 -30
-49 -23 52 -9
-79 89 13 -1
b
17 -66 -92 -39
-33 64 95 93
85 -48 -59 84
-18 98 -41 -69
b
-60 55 -68 -10
36 87 -39 17
35 21 43 -21
-86 -36 52 -73
b
-63 -56 71 56
41 -64 30 66
-61 59 -94 -59
-80 -98 -56 -57
b
-20 -71 90 -78
-12 71 86 -90
-46 -53 71 90
-66 -56 34 76
b
-50 65 -46 58
-23 95 24 -36
44 -11 -96 -18
77 4 7 -46
b
-96 89 5 -79
33 98 34 -69
78 -60 -52 37
90 -34 90 4
b
42 64 72 -73
-65 96 64 75
26 -13 -71 -71
-59 32 -35 -46
b
82 22 -91 -26
99 80 -76 -87
5 37 -48 78
91 -38 -27 -42
b
55 -84 -51 6
66 -38 58 -23
88 51 -8 -60
-55 43 -48 -59
b
18 19 45 -6
39 -15 -34 -27
53 -8 -62 48
-18 -33 4 -31
b
-56 -10 1 -18
-34 86 1 -85
-90 -47 -26 31
-54 1 51 55
b
38 51 31 37
-67 -74 53 69
-36 -3 -59 36
-59 72 -16 45
b
37 43 29 -99
69 -35 -5 -23
-74 -4 -99 -50
28 -8 97 -62
b
-50 59 -63 20
-97 0 -70 99
-72 3 68 -87
82 -12 -80 94
b
-18 -23 -10 -48
-61 -59 -44 -92
-37 81 -11 93
29 -100 92 89
b
51 79 51 46
-65 -71 -14 -73
-52 62 -50 -37
98 -88 -29 0
b
-84 -75 17 44
78 -95 50 46
-81 -3 45 56
-77 94 -1 20
b
-76 35 -87 -23
-86 -9 -15 24
26 -88 97 -84
0 -18 -74 -25
b
-48 -87 -83 -97
53 84 45 -46
50 -39 -43 -86
11 91 -75 44
b
78 -79 35 46
27 -43 77 -26
-60 61 9 -81
78 -98 -15 66
b
-4 -59 -28 94
58 57 44 -74
7 -71 67 63
71 -94 -22 81
b
49 -10 -54 -24
-1 -39 94 19
-73 -40 26 40
92 -61 33 40
b
38 -42 -51 -87
33 14 -61 62
-17 -25 15 9
-80 33 23 -30
b
-100 80 51 -6
-61 -42 -48 -70
99 -34 -95 -80
47 16 67 77
b
81 41 91 -57
-32 72 48 31
28 -68 -37 28
-51 -31 67 -85
b
-34 -26 -47 50
74 -20 -33 11
-66 -8 66 -81
-90 -51 -11 96
b
-46 -71 -46 74
56 28 -61 -21
96 -7 -100 -49
-56 -67 -32 96
b
97 -73 -9 38
24 -29 -42 -69
29 -75 -87 -51
37 54 -25 -94
b
-98 13 -16 47
87 39 -76 -11
-24 -44 12 21
89 -16 -18 35
b
59 14 93 -74
-98 -82 24 -5
-32 35 -44 -51
77 -21 -69 -78
b
-66 -59 -33 -86
-81 81 -38 16
71 34 70 -34
-53 8 69 -86
b
-7 -15 -34 12
5 -54 -66 -21
-94 88 34 -10
-42 -47 -72 -39
b
32 -68 -40 98
-73 -34 -14 -68
-9 91 66 -30
27 0 22 98
b
-65 49 -7 53
-30 67 -13 -36
19 98 5 56
41 6 97 -13
b
84 -45 98 -46
-89 -100 95 80
-50 -47 72 81
2 5 15 -92
b
-55 21 19 -48
-61 -26 -83 -5
50 -60 -69 60
-31 31 -10 -66
b
-2 -76 -34 97
-33 34 41 14
7 -54 -17 58
-82 70 -51 -95
b
35 28 -23 -19
-91 1 64 -90
-44 -87 -38 -94
40 95 31 -3
b
-23 -99 63 -27
-39 -54 13 -8
-76 38 50 -90
-89 32 -59 57
b
66 -87 73 89
-84 58 -63 1
53 79 4 40
-99 -9 -64 57
b
-46 -68 8 -46
35 96 80 -21
-24 14 -8 14
77 78 15 50
b
46 86 27 90
43 22 -51 -69
79 -57 -76 80
-65 -92 84 -68
b
-64 31 45 -71
-98 71 -57 96
72 59 -65 59
-96 -31 18 -87
b
46 9 -74 82
-79 35 54 -97
-4 34 68 14
-1 -91 -64 -96
b
57 -96 -32 -7
13 75 53 5
42 -22 -82 39
62 -49 41 20
b
-26 -62 49 -15
41 -43 -19 39
-39 -77 71 -94
-52 21 -95 14
b
22 -7 47 14
54 -43 64 -70
-100 -87 98 26
-88 -54 46 47
b
87 99 -52 76
21 -68 -57 -88
31 -76 96 66
-43 -46 26 9
b
96 -33 57 52
-11 61 35 -76
4 -68 4 66
-51 51 -2 77
b
-87 90 -19 50
-66 1 7 -64
86 93 -47 44
5 -85 -51 29
b
-94 -21 -14 8
-81 -88 38 -49
-100 56 95 52
3 47 14 -54
b
-45 27 70 -91
76 29 60 91
74 85 -10 11
45 85 -67 -19
b
52 82 -31 25
-10 97 26 57
53 24 89 55
-38 -67 -80 -21
b
14 76 39 -16
1 -10 -84 19
-67 80 71 -37
66 43 49 -48
b
76 76 24 -24
-13 3 19 7
-43 -48 -25 -23
87 67 6 6
b
-63 11 39 -98
4 52 93 3
67 25 26 94
-87 -74 -89 89
b
37 -79 -38 -32
52 15 27 -65
-3 -55 -94 75
47 -48 94 25
b
75 -5 -29 -55
84 -76 75 66
-31 -88 -100 20
-98 6 56 -86
b
-62 -73 -19 7
-14 74 -73 6
32 -75 46 -30
12 18 59 -45
b
-99 63 -51 -50
-85 -80 -91 18
57 -73 -44 -16
-4 72 -43 97
b
-10 -84 -19 75
-9 -81 -21 6
3 86 74 32
41 -72 23 57
b
-30 85 67 -41
3 21 -41 -62
68 -44 -64 32
25 -48 -55 -32
b
21 -56 -70 73
-14 9 24 40
-96 -64 -13 -47
-14 32 28 -93
b
1 64 99 -1
-63 87 -87 80
13 75 65 39
-35 33 61 71
b
-26 -21 77 18
19 -83 -55 43
25 -36 -5 78
58 -43 -69 49
b
63 96 80 -65
13 81 -64 -70
-57 71 -88 36
-35 56 -83 8
b
16 -36 -46 19
52 48 -1 -55
68 -80 -89 -43
-26 95 -60 47
b
-20 0 -41 20
68 95 -12 -45
-51 -43 62 -22
75 25 76 33
b
-25 61 90 -52
-9 -78 99 89
78 33 -90 84
72 -66 -27 -27
b
-92 80 -2 -96
63 -48 89 -56
87 -48 47 22
56 -70 94 88
b
-83 -62 85 38
60 -58 1 38
-49 52 -99 -26
28 42 23 -49
b
89 5 98 -97
-70 61 -20 -25
-25 80 -45 -61
76 53 -80 -87
b
-91 40 -99 -90
-89 43 -60 -53
-9 7 73 -13
48 37 -53 96
b
-48 -73 -16 -39
-47 37 -71 -11
20 30 -82 -22
-18 58 -8 -57
b
94 -2 62 -60
-85 5 -99 -5
-18 37 -22 61
13 -96 -88 64
b
50 -47 -60 22
-92 -74 89 -84
37 -5 13 -21
-30 85 46 -62
b
-56 -67 57 -76
-38 -43 0 69
-55 -88 -94 85
70 96 -100 44
b
-69 -5 -53 35
-58 42 -17 -94
-66 43 -98 -31
76 60 21 93
b
-60 60 80 7
21 -23 -91 -10
-56 43 76 75
-55 -14 -34 63
b
60 4 -60 -63
32 -59 48 23
91 68 -82 72
-53 34 -72 -38
b
18 -81 -99 20
54 28 -47 -2
8 20 -25 19
-75 -66 71 74
b
-9 83 -13 -45
94 2 -35 -49
3 38 -43 38
12 -1 -42 -70
b
70 -2 50 88
2 42 -51 97
76 63 -43 98
14 49 -14 50
b
-23 13 -88 -56
-95 33 67 40
-43 -43 4 -79
-11 7 20 13
b
92 33 85 -51
-74 -56 -85 -56
-60 -26 -80 -30
24 22 53 15
b
-63 -42 -90 9
33 3 -67 46
27 -53 31 -6
12 79 88 25
b
38 37 93 -76
60 4 -73 -95
-27 -31 0 69
71 74 41 -86
b
20 75 49 91
-78 -2 66 5
-49 30 -8 72
90 15 84 -15
b
-36 -76 80 41
-81 -86 0 -48
-47 -69 16 71
37 50 0 -70
b
-19 67 -31 -42
-74 -75 46 -30
-7 -57 -76 -25
-44 -87 5 -77
b
87 93 -72 88
-47 29 -65 -90
76 -83 -2 -14
68 -3 36 -69
b
6 71 -37 45
2 -67 27 -9
-12 -85 15 -80
3 -11 -16 75
b
8 60 -61 88
77 33 -24 -86
-34 96 -3 18
-14 -21 -73 -65
b
-11 50 38 -44
5 -76 -87 44
90 -11 22 37
-9 79 -77 -74
b
92 42 -17 74
8 10 -13 48
38 -79 63 -35
-74 98 -17 -30
b
92 53 -20 87
-62 90 -2 85
-100 -84 -92 48
-56 2 -75 97
b
-92 -98 -35 54
50 -7 98 51
52 75 -52 -88
70 73 63 -82
b
66 56 55 5
70 97 -71 -70
-92 14 -74 -11
-42 18 67 87
b
-19 -89 78 -73
-1 74 73 63
50 88 -59 31
-55 88 -58 -68
b
32 -4 -39 -64
94 -75 2 34
-40 20 -7 -14
-12 -67 -39 47
b
92 86 -54 60
94 95 -10 -7
-79 21 -71 -9
-100 35 28 32
b
7 -58 49 46
-50 -63 -48 90
61 92 -33 -81
-70 56 -2 45
b
-82 85 16 81
-42 9 -3 99
-39 84 74 -50
-87 68 -45 65
b
7 59 -1 -17
21 -90 -70 8
-77 -74 -71 -66
66 8 38 0
b
-93 88 -45 66
73 9 -100 -49
-55 -13 -12 89
-29 91 14 55
b
80 31 -11 91
-93 81 -11 -79
-5 75 -80 44
-44 -27 98 -58
b
81 -83 -10 37
53 60 -53 8
16 -39 58 29
43 51 7 78
b
-98 87 0 11
-69 -97 -69 97
10 -23 -73 71
33 72 90 86
b
89 90 -85 99
-8 72 -29 -47
-18 -97 -93 77
76 -8 48 40
b
-42 99 -17 32
-24 -28 -86 -65
-65 -38 75 41
83 19 -52 17
b
-45 0 -23 75
42 76 -96 -41
-44 -27 -63 -86
18 -51 1 -29
b
-51 -61 -38 -49
-51 -79 -13 -60
96 -31 74 -57
75 24 35 -9
b
-27 23 59 71
-79 36 -35 -4
24 -68 80 47
-15 24 18 -90
b
-90 -4 86 -39
18 1 11 -88
-78 66 -63 70
-68 58 21 -23
b
2 97 -31 32
-70 32 -99 80
89 93 -40 -84
49 -67 -65 2
b
-85 -21 50 -68
39 -10 -95 -7
11 86 -96 -7
30 42 50 -82
b
25 -21 21 -74
46 34 -53 -20
57 24 62 30
-89 67 -73 27
b
-22 -61 14 -58
-15 -72 86 -12
-15 -15 -5 -66
-27 -9 23 -41
b
11 4 41 -46
-90 86 44 51
69 32 -35 -63
52 17 -16 16
b
-36 61 -77 -75
41 62 28 -41
-73 91 73 -80
1 -81 60 -99
b
-98 42 -13 37
71 85 9 -42
-33 58 91 -29
78 -91 -25 -12
b
40 -98 58 4
-51 60 5 40
40 -36 -62 45
-99 25 -68 -93
b
-71 -13 24 -53
22 7 -58 -55
-29 18 60 -7
86 -90 52 -66
b
41 97 -27 16
12 62 -70 -43
93 89 -38 -32
66 -42 -64 32
b
75 80 -29 -17
-26 77 48 -34
-79 -99 93 -99
78 6 -86 92
b
-57 -70 0 83
-73 32 59 -76
56 65 59 64
-19 60 -32 4
b
-25 33 -3 18
88 -35 73 -51
86 -85 -62 -62
72 -65 78 83
b
14 -88 52 -80
36 -96 83 -73
27 66 -58 -30
29 -35 66 18
b
-75 39 -47 60
-88 -46 -71 -87
43 -88 -37 -90
-59 -10 -69 -81
b
-86 80 -32 -10
59 62 8 54
39 -22 58 -90
96 -52 -7 73
b
-47 -35 -25 -10
38 -41 -6 81
-68 -84 -60 94
67 34 -22 -99
b
88 19 -16 16
19 88 27 94
40 60 56 -53
48 -100 4 94
b
-75 -41 -75 -15
93 -68 -56 24
-9 -63 55 62
97 20 -46 -36
b
18 84 -55 -22
-91 -53 99 54
0 -17 -68 88
-31 -82 -4 -28
b
-44 16 15 -65
64 -56 -94 -91
-10 -91 31 1
-31 -74 37 47
b
-33 33 80 40
-43 -6 96 -34
-62 -92 -88 -80
73 1 96 93
b
-91 -54 36 87
95 -95 23 55
99 14 11 -20
-55 -3 -68 15
b
-26 99 -5 27
-36 -98 -25 -28
28 27 73 -92
56 62 12 -10
b
-12 -75 -73 55
24 -91 49 5
-64 29 -38 -64
71 33 -41 98
b
-49 -83 -87 43
56 -67 17 -60
39 -62 63 19
68 -81 -5 19
b
99 -17 70 -79
-57 -38 69 69
-57 -27 33 81
-74 -68 65 38
b
3 -62 -94 -87
31 -74 78 -5
67 -10 84 -34
85 -77 4 -37
b
85 5 54 -55
-8 -97 26 -93
41 -84 -31 -26
-10 45 -38 73
b
16 -58 -49 6
-7 87 -65 -15
-88 63 -27 -36
-4 -88 60 -27
b
-50 -28 -55 -86
66 -27 88 -63
24 0 8 -46
93 -11 -15 -40
b
78 -47 13 44
94 -4 40 -56
75 61 -25 -15
-12 -88 34 -44
b
-76 18 -88 42
-29 -15 81 66
-87 -66 2 4
-33 -86 -37 30
b
-63 -80 22 21
-21 73 -30 81
51 0 -65 80
-21 80 -48 80
b
51 -76 65 55
47 21 -66 -35
-24 98 53 -24
9 -81 39 37
b
-97 -31 99 68
-43 89 -82 85
-39 -9 52 -1
11 36 38 60
b
-23 36 -44 4
81 0 55 29
24 -56 -96 16
99 11 97 38
b
-15 -82 1 72
49 -2 23 -30
-76 -72 98 -84
97 55 58 56
b
-60 58 -29 -50
72 -59 11 49
-27 -74 21 -7
43 55 -6 46
b
30 40 -79 75
34 -48 47 52
-54 87 69 15
72 -90 78 27
b
51 -60 -16 -58
10 20 21 -87
-79 -87 -75 -95
89 -92 -79 40
b
76 -92 43 4
17 -94 -6 93
10 -82 87 -92
-65 -11 -55 -35
b
-41 39 -99 -43
76 -11 -36 24
-9 37 -73 -32
68 4 25 5
b
-5 34 3 -47
4 97 34 96
-38 -75 3 -24
56 55 -59 -65
b
99 -68 13 -90
-38 -56 77 56
4 47 -63 -62
68 -42 -39 42
b
-66 30 -22 -7
-36 -65 15 -18
-23 -83 74 80
77 81 -45 -54
b
-54 37 89 68
62 50 -32 28
43 61 -50 70
-78 90 75 88
b
-99 38 -65 51
-96 25 58 -93
-78 -80 -93 31
-9 3 -19 19
b
1 -47 4 -45
24 -76 93 84
-97 -69 -39 26
-51 87 -44 -90
b
-16 98 -40 53
8 33 61 99
56 56 62 77
52 -12 85 -33
b
65 68 51 86
-11 -93 -51 94
-65 -67 -44 99
19 -42 -54 -42
b
-89 -67 -77 30
57 87 69 -19
16 -20 20 99
73 -68 -50 16
b
48 -49 -9 -6
24 -7 -78 -59
-28 -75 -68 -61
68 23 -31 -52
b
29 86 -60 -35
-28 75 67 13
-50 -68 -93 22
-13 -56 -95 36
b
11 -47 -32 -39
-74 77 -35 -75
77 -23 16 20
-100 47 -85 -96
b
-86 67 85 -6
-36 -20 90 52
24 54 73 52
13 -62 23 12
b
-43 52 48 89
91 59 31 -50
-60 -33 1 50
-66 17 49 21
b
28 3 38 81
-78 3 -86 -67
0 -13 14 -87
16 70 -48 -69
b
-5 -37 -48 46
84 50 94 21
6 -19 -52 -100
30 11 51 22
b
-11 -56 42 -63
41 -42 -83 28
-100 -36 -99 -84
-87 -20 -49 -13
b
59 -59 -27 -44
64 -9 24 10
51 -68 11 35
-13 41 -26 -34
b
34 20 58 -51
-22 96 21 -71
52 -47 -30 28
-57 -42 54 90
b
-13 -77 67 -37
43 -14 42 -44
0 -58 -8 15
39 -30 63 -74
b
-48 26 97 -33
-25 -55 -25 73
-86 -33 56 -71
54 -41 37 2
b
66 -37 -2 -90
78 -17 61 -97
45 -6 1 -17
-6 25 -54 -10
b
15 -51 -10 73
11 47 -46 21
14 66 -14 67
-47 87 -25 -12
b
38 -58 -87 -93
-2 -11 87 7
21 34 65 -4
-55 -44 -3 46
b
42 -89 22 99
59 -7 65 -84
46 76 -39 21
11 -87 5 10
b
67 -74 67 -4
-46 -77 -8 22
84 -52 -86 43
18 58 -54 85
b
68 97 -57 -7
-14 9 -10 -89
-10 26 78 13
-32 89 -9 -10
b
20 -29 90 27
-62 -1 43 -14
41 53 -5 -13
76 -5 32 47
b
47 80 -23 -24
-31 9 -15 27
-78 -1 33 -62
38 -100 71 -69
b
-23 -27 8 -51
1 40 -33 16
27 42 10 -99
98 44 54 -23
b
4 -71 -44 7
65 -45 -57 -51
98 -92 -30 31
-85 -19 -92 -23
b
21 38 -91 18
21 39 -96 -62
73 60 14 94
80 -39 48 -7
b
91 31 -17 -65
17 90 29 -77
-48 49 -43 -74
-17 61 74 67
b
-29 44 -2 -6
-38 21 -44 74
-19 -31 95 77
83 51 80 -70
b
54 -39 89 -94
-15 13 -90 24
61 -89 -6 -63
39 -86 84 66
b
-78 96 7 -59
-19 0 -4 -88
44 -44 -62 31
5 95 51 58
b
79 -14 -44 -73
-29 40 -71 -14
-72 58 99 -48
-98 -29 -58 25
b
9 68 89 30
-76 -11 26 -91
-38 57 51 14
-18 -10 -19 24
b
-18 -71 -10 -85
16 -15 67 -69
-3 3 94 -30
0 -89 90 42
b
2 -99 85 60
-21 -94 79 45
74 21 1 -100
-74 22 26 -66
b
-83 68 -84 26
35 2 50 18
-33 46 -49 -50
31 -39 -16 82
b
-75 56 60 68
-55 -59 51 -65
49 -34 73 -97
54 66 35 -83
b
90 -40 31 -43
-72 31 -6 54
-74 60 74 87
17 0 -94 23
b
22 -41 33 41
92 8 45 -10
-71 -29 -7 -78
-30 -33 -64 99
b
-44 -30 -94 97
87 27 90 18
-45 -12 -92 15
21 76 83 -67
b
-66 -24 -56 33
-5 -28 74 -20
1 40 -62 51
38 -45 -100 -23
b
16 6 62 -23
-15 -77 -29 76
38 29 17 21
-65 13 -86 -46
b
-60 50 -48 28
11 -93 38 87
-56 -94 -36 -32
-44 -36 -4 -19
b
6 -46 35 -5
-89 -45 -24 -56
-23 72 21 83
42 39 -60 12
b
3 27 -16 -5
92 -69 37 36
-20 -81 95 -62
-33 -49 -63 -95
b
35 2 9 -98
57 30 -12 -38
54 62 -18 -94
-69 -20 74 -34
b
-60 -24 32 -75
31 36 73 -55
-86 97 -25 58
51 93 -68 22
b
48 -73 -40 93
-63 -11 -28 70
69 32 69 40
-20 55 60 21
b
-91 5 43 95
78 -82 9 90
25 -36 43 54
-93 85 -74 29
b
-21 84 -46 81
94 -38 -83 59
2 12 56 -17
7 66 17 30
b
30 -35 92 -57
-45 -96 98 60
-4 -71 86 -35
-73 -47 -19 -71
b
-31 -88 -63 20
-90 -29 -2 27
-49 97 97 9
-70 -68 -79 -37
b
54 41 16 -43
-53 -96 -4 -24
-59 -98 63 -51
-35 -65 34 37
b
34 87 21 -13
-82 -37 87 -48
12 18 -20 55
30 39 63 -40
b
94 19 -40 54
79 -17 40 91
-38 66 -61 60
2 38 -81 2
b
-75 42 -100 -22
87 -83 -59 54
50 -5 17 -92
9 -92 21 10
b
-64 57 -72 -93
-75 -33 -30 14
89 24 18 98
86 40 86 81
b
-65 3 -10 87
-88 8 38 34
22 -76 6 -15
-50 7 80 93
b
-15 29 -87 -30
34 -45 -29 -84
16 53 61 -1
80 90 64 -7
b
97 9 -36 15
18 53 -22 -58
-10 3 19 -16
77 -12 19 84
b
61 1 53 44
-74 23 21 -10
61 -45 79 -51
12 -59 98 -64
b
-33 -92 66 34
-24 91 58 -47
32 6 -63 -3
-83 -89 -75 -40
b
-15 9 40 42
-45 30 91 -62
-6 -7 -6 -92
-38 -40 66 35
b
-73 -73 31 -64
67 38 -65 42
52 -24 90 2
70 66 65 56
b
-20 5 -62 28
68 -38 -60 84
78 40 77 68
83 -83 24 6
b
-26 -32 67 46
-42 -39 -97 76
19 16 -19 -92
-80 69 29 -30
b
-100 -68 9 -93
-12 -43 -61 -94
-27 -38 -18 30
-25 -52 -97 -64
b
93 -80 -43 12
-14 -85 -79 0
-30 -14 -80 -8
-31 -25 1 -96
b
-11 -81 61 91
40 -100 -92 -64
75 23 54 -82
31 78 67 67
b
-56 2 -82 26
15 -43 92 -62
-53 -46 19 -55
-19 -43 19 -50
b
92 -56 -10 -30
12 71 -42 42
-35 -100 24 -49
-33 -42 -42 -98
b
71 -4 85 5
-65 -20 76 -47
-37 40 38 -46
58 -48 55 71
b
77 -31 -100 -28
-99 76 -41 25
-14 -99 34 -47
-47 30 13 -50
b
-81 77 -13 50
85 2 7 84
95 0 86 -87
-14 59 80 49
b
90 -19 -29 75
62 -58 33 41
45 -8 53 -70
10 62 71 59
b
73 -57 0 -75
75 -6 -46 -12
78 -24 88 -52
-65 -34 12 -12
b
79 -24 -28 16
26 82 -13 73
36 45 78 -80
-47 16 63 91
b
17 -17 -13 -11
-45 -27 13 9
89 66 24 -9
-14 86 23 -25
b
39 -65 -15 37
27 -16 -85 66
40 66 84 -90
-52 19 59 27
b
-12 -58 -17 44
16 -7 93 34
-41 -52 -15 -27
33 84 -19 51
b
-83 -53 11 -10
-9 56 -47 43
85 -22 -92 60
-56 83 -18 -76
b
-37 22 -49 73
-27 84 -5 55
-31 -52 1 5
56 95 40 -33
b
41 -71 38 -19
-92 86 -33 -88
-40 5 7 -60
-94 14 33 3
b
-29 13 83 14
89 28 -1 3
7 -7 -80 20
-5 20 -73 -86
b
-72 -14 69 67
-51 46 -46 90
89 37 -51 25
-86 51 58 -22
b
74 -27 59 -59
52 -33 -31 55
22 61 -87 69
-57 67 22 84
b
86 -49 -63 13
25 -29 95 -2
-69 -97 -54 69
-37 59 -59 72
b
81 57 -46 -4
-84 76 63 -41
49 -88 39 55
-32 52 -11 -25
b
-55 -89 -42 -36
-33 8 45 7
70 -69 94 59
-65 22 95 15
b
-60 -40 5 40
-31 -22 24 55
-76 92 -81 -90
71 36 -19 40
b
88 72 17 -48
48 -38 68 -6
-85 -95 37 20
0 14 71 37
b
91 6 -49 3
-10 -38 -5 89
-41 -94 -3 59
45 56 58 -65
b
-84 20 30 -34
-56 -11 -16 -5
89 34 -40 55
51 -80 94 92
b
61 -98 -91 96
-36 90 19 82
-66 -10 -93 81
-20 -31 57 3
b
74 60 -70 -36
93 -99 63 -29
-78 -7 34 -68
-100 -58 -46 10
b
95 -64 -28 -36
-43 -84 -63 -74
33 69 99 -13
83 -52 -28 91
b
-97 -98 89 -11
-68 -97 91 -89
-23 96 68 -96
-41 -100 -5 -71
b
-62 -4 -62 -67
-21 -75 -2 11
66 -80 56 91
-10 26 -52 -71
b
49 72 2 -57
19 -99 -100 -53
-63 10 -57 64
92 -87 -34 -41
b
-23 -20 -87 -67
30 -53 -52 86
-54 45 77 74
39 92 -70 -93
b
24 11 61 83
-55 38 69 -73
-63 65 -85 -71
86 -79 71 -21
b
-67 49 -92 -31
-13 -80 -81 84
15 73 -7 -73
2 -13 14 -97
b
69 61 58 -13
-15 8 45 -57
-30 43 34 98
-67 62 -4 12
b
82 12 -17 38
46 -25 -98 -40
21 -30 -27 -12
-45 12 4 42
b
-88 26 61 -64
-87 -80 -72 75
76 -21 -21 -69
-90 77 -18 -90
b
10 -94 11 -7
21 -52 98 -50
51 57 91 92
33 23 -8 89
b
-95 -81 25 98
73 46 53 25
-84 -8 -8 -79
37 75 -37 -24
b
-13 -28 47 -30
13 34 61 -59
-32 7 88 50
-86 -28 62 3
b
-37 -78 72 -7
-69 -33 84 -68
-18 94 0 -78
-79 50 11 38
b
-67 -96 -22 -50
41 -8 17 16
-33 90 -21 52
15 40 28 -87
b
96 39 -58 14
-40 66 18 12
65 94 27 -25
-48 -43 -64 27
b
26 65 -100 89
29 -3 25 -6
24 -37 -16 22
84 25 -25 -85
b
-32 10 -85 56
77 -93 76 -91
-4 48 55 91
87 13 4 89
b
-63 -49 -11 -62
42 -11 -97 18
1 -52 -65 -16
-39 92 -42 -11
b
90 92 -24 2
-22 22 38 -98
-12 -45 52 65
30 -91 54 47
b
51 -48 -98 -34
57 -96 23 13
-20 -32 42 83
-1 3 -28 -26
b
54 -66 -80 65
32 28 24 -29
-4 -95 37 34
-93 28 -30 55
b
-1 -9 -17 88
31 -39 31 -78
-75 49 83 -15
-43 -15 67 43
b
88 -6 32 -39
-48 94 -27 70
-28 21 9 -7
18 -64 5 87
b
24 42 -53 8
-33 17 -20 -80
38 -16 -72 11
29 -40 -40 -3
b
93 -30 26 -61
8 -28 9 -70
-75 -58 57 19
-79 66 3 66
b
94 -29 46 45
-52 18 -29 32
23 -66 75 37
-42 -64 69 67
b
-28 33 28 81
-52 -98 -45 -17
38 19 14 -59
-72 59 -1 31
b
8 52 -79 -95
63 -16 -27 -50
-40 66 42 -30
-31 -41 50 -84
b
44 -100 36 62
-49 -38 89 23
-55 -25 -20 -35
-27 70 -73 -24
b
-97 -24 63 44
-45 25 13 49
4 71 34 -22
-65 -98 -18 14
b
-29 27 -28 -13
-81 -93 -63 -29
-20 -23 96 32
-17 -81 99 59
b
97 -99 70 10
63 -43 -16 69
-29 19 -54 39
37 88 74 -29
b
-74 -95 69 -78
7 42 22 15
-93 -32 -90 -22
45 91 -58 -5
b
83 -14 42 -68
-92 19 -100 91
-45 -62 -57 65
-37 77 -32 -16
b
-67 -48 -15 -41
-84 58 -42 -42
-99 -72 -36 -100
20 -96 96 87
b
-29 -20 88 37
48 0 94 94
-92 54 59 -29
37 -15 -10 13
b
-50 71 -36 24
97 85 -8 -66
-27 78 56 -84
28 45 1 -2
b
40 12 -12 47
10 -75 63 -35
-61 48 91 -42
34 30 -69 -43
b
-26 93 15 6
89 84 -66 -57
6 -35 -55 52
22 -70 39 63
b
0 21 32 91
-54 79 -76 -12
89 91 75 91
-92 -78 40 22
b
-33 -25 41 33
-34 -75 -8 36
1 -90 -29 -86
54 48 0 -3
b
4 94 -88 45
-29 13 -29 -59
44 -28 0 84
-77 -80 83 -82
b
40 -45 66 -1
-10 -39 0 -36
10 -26 21 24
35 -58 69 -1
b
8 16 -50 -3
-86 41 18 -37
-26 -18 -40 43
-29 -4 3 -91
b
11 37 74 -64
-60 3 -29 -76
-81 -82 67 -95
-21 -40 79 -87
b
-57 -86 51 6
-57 89 -39 86
-42 -16 10 61
94 35 9 -85
b
-74 38 -85 94
-55 -56 -5 73
50 -6 41 66
-20 73 98 -35
b
93 -56 71 64
-11 -55 95 -39
-73 -92 26 84
70 31 97 -10
b
-69 85 -58 -94
41 31 61 62
-93 -9 98 41
83 -77 -95 -55
b
19 96 -83 -55
69 33 0 3
-44 62 70 87
70 10 -15 -29
b
47 -9 18 -61
61 25 -28 55
-72 48 55 -24
0 18 -26 54
b
63 -97 -40 14
-10 -91 -63 41
-85 66 -61 -46
21 29 20 -47
b
-61 13 -64 13
-66 -11 -90 56
-76 39 -25 -25
-66 35 -1 -58
b
-97 75 45 55
-47 -74 -83 97
-13 -85 83 -94
7 -19 -32 92
b
68 -60 87 -16
76 34 70 48
-69 -69 -80 85
-89 -12 2 -35
b
20 10 -94 15
34 -83 22 44
88 78 -4 -3
-24 53 -81 -96
b
90 -65 -9 -65
-98 -73 17 24
-23 -35 98 -88
94 48 87 -71
b
50 75 -73 85
26 -81 -58 21
52 -50 -36 44
97 -44 65 97
b
94 -31 -97 26
-19 83 -81 -65
20 5 58 32
-52 45 50 62
b
-63 37 -48 9
63 44 -15 -39
-26 -21 0 41
-71 -76 -15 -2
b
-16 -33 -14 -46
-79 -31 -34 -92
-85 -13 -80 -36
-85 81 22 -40
b
19 16 -3 99
-5 -17 -4 -96
53 -48 76 -7
-95 -73 10 -70
b
52 49 64 53
86 -62 -75 -81
-95 63 -39 -33
-54 66 11 18
b
-39 -79 89 -88
-4 -23 -97 -60
62 60 -62 24
73 -100 -57 21
b
65 -12 89 -30
-66 23 1 -69
-30 78 -71 40
52 87 94 65
b
-80 -67 63 79
21 48 -69 -20
9 70 91 74
1 -89 51 -14
b
-10 -37 71 59
83 16 -24 19
25 86 49 89
45 -20 10 72
b
68 -28 57 -75
-54 -6 -72 -94
87 -68 -20 93
90 -32 36 61
b
-89 46 45 -64
54 28 -99 -13
46 81 35 -50
-58 24 89 -9
b
-47 -25 -75 -30
21 98 -17 22
81 37 -88 63
49 -43 -92 -82
b
24 83 -14 29
-2 64 -71 -61
79 94 17 -24
73 -69 -22 -59
b
37 -90 59 77
31 -67 -84 61
87 85 91 36
-68 52 -54 -32
b
57 13 -61 -49
-31 -2 -63 -98
-13 36 53 -31
-53 -95 -20 21
b
-82 -96 97 -77
47 11 77 31
-81 59 -52 92
37 -96 50 -76
b
77 90 -60 -93
-32 -74 94 41
-10 -39 61 -55
64 0 -79 -73
b
70 -80 -28 14
-88 31 35 18
80 -7 -8 60
2 52 38 -48
b
15 86 -11 -94
-16 49 7 5
41 63 -26 -11
-1 52 91 -60
b
-9 -99 -39 26
68 29 -36 63
-54 -71 69 -13
3 1 1 -99
b
-5 -52 10 65
71 -32 93 -33
39 -95 84 33
72 70 -63 83
b
60 -42 15 45
-74 18 48 -65
72 87 19 80
-98 74 -96 5
b
30 34 83 -50
-7 85 86 -20
43 -78 43 -91
-78 -79 -86 96
b
-98 -58 -65 0
72 34 -67 62
74 -56 -94 -52
79 -4 74 -66
b
-56 9 56 26
78 -55 3 -22
5 -93 59 93
-69 89 66 -33
b
19 -15 84 -82
-42 -2 -51 93
60 35 -37 -19
-96 68 -44 38
b
68 78 -66 -52
27 -65 -1 -31
-44 -52 7 28
-43 -68 -56 55
b
40 -55 -12 -23
-89 77 -87 -38
80 -31 -6 1
-82 -25 -44 96
b
-76 -20 -79 37
18 -94 -29 -38
67 77 -100 6
50 4 -87 -95
b
-94 -34 13 46
-88 76 1 71
60 -73 55 -55
-45 -67 63 11
b
49 -19 5 -82
42 -92 -72 23
95 -75 68 83
12 -5 52 37
b
16 -13 -90 -40
40 -91 -51 -25
82 86 -8 -26
-41 19 -77 -53
b
-41 -27 25 -24
99 29 -48 31
-80 -9 -5 64
39 -17 28 -71
b
79 42 94 15
-83 81 -78 -24
-63 34 -68 33
-70 51 63 20
b
-51 48 84 -12
-26 -37 40 -21
83 -38 86 -54
-47 -16 10 66
b
-45 -46 -80 59
-21 75 97 -26
-4 29 76 53
40 17 99 -56
b
-30 -30 -37 -18
55 -48 -28 78
-53 -85 -88 -42
-47 67 -85 -22
b
93 66 -53 45
82 -53 24 -31
-44 -34 55 27
-72 1 -96 63
b
-70 65 -96 -70
21 -43 -61 60
53 -49 -76 -1
-58 45 -82 -6
b
-20 -81 32 -60
49 -51 91 45
62 -78 -1 -96
58 -91 -64 50
b
86 92 -97 70
-81 -46 96 7
-73 22 -15 -98
-82 -32 -9 -70
b
40 -27 41 64
-66 53 -74 -36
-60 -13 -47 94
25 -88 29 61
b
17 46 -88 6
18 -46 53 -55
-38 -8 -7 69
-46 54 16 73
b
44 25 68 -35
34 -89 -86 22
91 -27 -56 99
75 27 -94 -69
b
-59 29 -89 48
-66 27 93 54
-51 -98 82 0
-39 -10 75 -49
b
-14 -70 26 10
22 61 -22 -64
46 36 -16 -75
64 -18 5 -35
b
89 73 -25 -8
70 -68 -12 61
70 58 42 -70
-30 3 -84 -96
b
27 7 55 96
-77 87 -84 -93
-22 -2 59 -50
50 88 -89 7
b
-61 -11 -76 -55
-42 -45 -42 -38
-31 92 -97 -14
-14 -65 -84 -89
b
-30 -76 83 -86
2 52 -1 99
23 74 -64 82
23 20 -40 -29
b
-71 79 -93 91
94 -54 -44 88
-75 -3 -54 -44
-66 -8 -92 -50
b
88 -29 -8 19
-59 -14 22 -69
-54 -43 -33 50
-83 -2 66 2
b
-39 -29 -21 70
36 -74 86 85
2 38 66 -10
-19 98 64 68
b
-3 -64 -86 -21
94 -79 -79 -6
-55 -9 30 15
15 2 62 -42
b
0 65 28 -49
-70 -50 -14 78
-54 46 -82 68
9 -71 -66 -90
b
-18 -30 70 4
25 -95 -56 -56
68 3 -42 -44
98 32 -51 -29
b
-61 -36 12 80
-55 62 54 39
25 -19 94 97
46 75 78 -21
b
46 -53 55 51
73 -15 -69 -44
20 -70 7 -16
-8 -77 36 -35
b
50 53 45 -31
-45 -2 49 -48
74 -4 63 -28
32 -90 -84 37
b
81 39 81 -50
20 -90 17 -59
-19 83 -99 -42
21 -44 47 -45
b
82 51 29 -77
59 10 57 -82
90 -82 1 -32
-18 48 -10 -48
b
-45 5 20 46
-34 -76 -6 61
44 46 69 96
30 70 -92 50
b
23 -58 -16 20
43 4 95 3
81 49 29 43
53 84 -33 83
b
26 -45 15 -89
49 -87 38 58
-11 8 67 -90
91 23 -96 -18
b
-5 -44 56 -10
92 -5 -22 58
-54 27 -97 16
-33 -98 72 -34
b
-94 -6 -39 70
-81 -99 -86 -79
7 -2 -91 90
3 63 -43 -24
b
76 0 -18 -91
-54 47 -3 -55
78 99 12 -50
55 -7 -99 55
b
86 -87 11 -9
28 2 -67 -30
-6 -73 21 11
68 95 0 -61
b
87 43 -8 19
75 47 29 63
-20 21 78 6
-18 -43 64 12
b
9 -31 -67 -42
16 -81 -100 -97
62 12 -84 92
-25 20 63 2
b
-20 68 93 -41
-5 -12 52 28
39 -84 6 30
-90 43 -6 32
b
28 67 89 -56
9 82 -28 -17
7 26 98 73
83 51 29 68
b
78 -53 -80 -16
-79 10 17 4
63 -63 -81 12
25 -27 75 -21
b
21 4 45 24
68 70 -7 -94
80 42 82 13
-100 -35 -84 -39
b
97 2 98 -89
6 -50 51 -32
12 59 57 -100
0 76 -64 -25
b
40 97 -34 -43
57 -6 10 62
21 -69 -5 89
73 30 -89 7
b
-17 -64 7 -31
-92 -80 -5 -50
-45 33 -88 34
-6 -91 -71 -31
b
35 84 -32 95
-53 40 -58 -44
30 33 -92 32
49 91 53 -94
b
21 -58 30 -13
-84 -5 -16 -27
49 -29 8 17
-72 -98 12 27
b
32 8 38 64
44 -6 -83 48
82 48 29 2
-10 -40 -98 -23
b
19 -84 85 -26
-42 -71 40 85
-69 -98 80 -22
83 49 -99 -39
b
-50 -18 64 25
-44 -48 61 -50
-16 -67 -64 80
-33 -91 8 47
b
91 -19 -59 53
95 51 17 -53
-43 -47 55 33
-98 -74 73 -20
b
-46 80 -22 41
-98 -74 -45 0
77 83 20 35
98 -19 -97 -52
b
-4 3 -60 -88
52 72 -93 -50
57 -95 -76 27
73 37 -12 65
b
40 3 -61 -30
20 9 16 -93
-37 -50 -64 -71
3 42 3 40
b
36 -52 36 -77
-47 18 -91 -9
-83 64 -76 62
-20 -5 -98 -34
b
-16 61 -67 -48
-77 53 56 44
-95 21 85 2
-9 -4 -84 -99
b
94 25 -32 15
38 -65 57 -58
-66 -48 -7 -78
1 -1 -66 -86
b
83 72 -96 28
-78 82 76 -56
59 -2 -41 -82
93 23 -84 82
b
67 75 97 80
-33 71 -8 -36
-66 -89 58 -45
-63 -82 41 48
b
62 76 -69 75
74 -49 -33 26
-31 -89 69 11
-70 -26 -22 14
b
-49 54 90 44
-14 -71 36 -64
56 -96 3 -98
-72 -91 -24 -7
b
50 -84 25 79
83 -3 82 -30
19 -28 30 67
21 28 -37 -66
b
27 74 97 -47
90 -76 -1 -16
89 -58 -40 -56
-44 -95 -24 41
b
-20 -25 4 28
38 -100 85 -17
86 -34 90 -71
53 42 -78 41
b
-93 -11 -15 53
31 -54 23 60
-85 -99 44 -43
12 -22 20 53
b
-13 22 -65 -21
25 -62 -56 52
-84 37 43 -15
56 32 -45 -22
b
54 43 -21 -72
60 15 84 -62
50 87 -38 4
-54 30 56 15
b
50 -52 84 -90
-3 -5 -8 -74
-5 75 -23 9
91 -95 90 -57
b
47 -92 51 94
67 25 15 62
88 -72 42 14
-34 26 59 79
b
57 -54 -17 -94
77 86 78 23
-73 19 -40 99
65 -94 34 15
b
24 57 -92 88
-56 -5 45 -40
-1 76 68 -99
48 63 63 7
b
40 -73 -15 -99
26 -2 -77 -57
14 -81 -93 -62
44 62 -32 -43
b
-8 58 -32 -91
35 29 -99 -77
12 -62 58 -48
-84 -29 14 -51
b
45 44 -25 -62
-67 41 -70 -11
2 11 90 -16
7 -46 -73 -38
b
-9 4 41 7
73 -83 -16 -15
59 4 -6 -3
97 -49 93 15
b
59 -99 98 -1
-90 78 -27 -40
-2 -47 11 -39
-25 78 42 62
b
-100 15 80 81
-61 29 15 -83
-71 -58 57 -42
58 -83 3 -13
b
-22 -88 -95 -42
-15 53 -29 74
-97 -31 -30 56
39 22 -57 99
b
-82 -64 34 51
47 -19 83 -58
76 8 -94 63
86 51 23 61
b
-40 -92 13 -20
55 -29 68 -89
79 -88 54 63
59 94 74 20
b
-81 2 -17 -79
34 60 83 69
-37 -27 -75 24
-34 -18 55 -70
b
-27 -74 5 88
2 14 93 -50
93 61 97 64
-40 25 -70 12
b
97 -75 -86 -30
-56 24 52 28
90 -65 29 18
63 85 -59 -51
b
85 -98 87 6
98 -28 31 38
-55 91 -6 -94
13 19 90 -33
b
72 -10 31 83
4 12 63 -46
-78 -82 6 54
86 -53 -41 41
b
-35 -58 99 92
-89 67 81 -22
-100 -29 21 36
97 59 -5 36
b
13 -49 78 -14
-49 -48 -16 -78
84 -38 -23 2
47 17 0 -85
b
31 80 61 -83
-61 29 -30 -15
92 70 50 -35
-96 -33 -45 11
b
39 -94 -14 16
39 -59 18 -1
-93 -7 61 -87
18 49 22 -82
b
55 94 -62 -97
49 -76 96 -48
-21 -60 73 40
-70 75 -76 -83
b
38 48 31 50
72 63 -1 -99
86 78 87 93
91 -71 -59 1
b
-64 34 -93 -25
-21 96 28 18
-87 66 13 6
-46 -28 45 93
b
-75 -97 63 -85
-26 -23 80 37
90 47 27 79
-47 -65 75 12
b
-77 -78 -99 28
8 93 48 39
-49 -84 35 -51
-36 58 -76 44
b
-61 -52 -71 -35
-93 48 -33 -9
67 54 -54 63
86 67 -75 -69
b
48 32 34 32
98 14 -70 -2
22 -13 0 -58
48 -69 -26 87
b
91 -27 69 -9
-37 -8 -45 -46
-55 -14 -1 25
5 -37 -22 60
b
78 23 50 12
-70 -17 -74 30
17 -12 -100 -91
-78 -77 -39 -88
b
-58 98 4 36
-77 -23 -61 -47
-42 76 -1 -52
-96 79 32 89
b
-5 11 86 22
-58 -89 -15 63
-74 -59 78 59
70 93 41 -43
b
-33 7 -65 31
-65 18 -4 98
-90 -38 -60 1
-29 43 0 -36
b
66 -70 5 28
-28 55 -57 34
-18 23 64 46
-19 -35 99 99
b
2 -93 -55 65
75 13 -74 -11
-23 90 25 50
-96 -22 6 -54
b
-11 50 -40 -36
75 63 71 92
25 42 -83 24
51 23 48 -73
b
32 42 -8 98
-77 -65 38 20
92 39 88 54
86 38 32 -40
b
-50 -78 -34 66
-58 8 54 30
-1 -97 51 22
-69 -68 15 32
b
-9 37 -63 -70
51 30 59 83
-99 66 57 -88
5 -96 -29 2
b
81 -98 96 -6
-40 31 58 61
-15 -3 99 -48
88 -82 -100 -87
b
-85 -70 -92 30
20 -7 -97 2
82 -47 -56 97
-36 -99 -65 -86
b
20 23 90 -35
31 60 -70 46
75 -46 -62 97
-82 -86 -91 99
b
96 75 -39 -81
-26 -22 91 82
79 11 -77 -74
-18 -6 -32 -82
b
-8 4 11 -43
-22 99 -81 84
65 -13 -58 -85
-23 -13 58 26
b
-70 -26 -72 67
63 57 -3 -92
90 38 5 -1
1 -58 78 -3
b
6 -68 -25 -16
98 25 52 -81
-85 28 20 41
36 70 95 -41
b
97 58 16 -41
-11 -56 -89 17
63 2 -31 -17
-18 74 -83 65
b
42 -74 4 -36
-9 45 86 3
33 36 -68 -51
56 -99 72 -6
b
-39 -86 -97 -64
-42 33 89 86
55 60 -36 -6
78 -4 -24 91
b
-82 17 48 -35
-34 89 37 68
58 -76 -100 -40
31 15 -84 3
b
-45 48 88 42
48 6 -57 48
-27 -18 -88 44
-28 -55 18 80
b
47 1 70 85
76 28 0 66
68 -6 -57 98
-12 -18 -87 75
b
-65 40 -5 -55
51 93 2 52
-22 -55 -92 73
93 -15 16 -9
b
-91 -28 53 16
42 6 -89 63
13 23 -17 67
-34 -28 28 99
b
7 76 -11 -57
-99 -70 -33 98
41 -90 53 52
-16 -37 -3 -81
b
57 -3 24 -13
34 -75 65 36
7 94 -54 -7
-62 84 63 77
b
90 58 96 12
28 -75 -96 42
60 -6 -78 31
-34 -48 25 -69
b
-19 58 -9 -70
-34 58 18 -12
-10 -88 -65 32
-35 -49 78 89
b
-96 99 83 19
46 -65 -39 -28
84 -52 -98 -8
-59 64 -18 21
b
-65 -46 31 -90
-59 31 -90 -21
13 -98 -44 -4
99 64 66 -54
b
81 -37 -48 14
-10 -32 -19 91
-93 -12 6 -79
-94 -82 56 -73
b
-75 -48 49 20
9 -18 -67 36
57 82 -40 11
-40 -74 86 -45
b
-4 -89 60 88
-63 -19 -55 48
45 -50 99 6
72 -91 93 40
b
70 -11 -82 55
0 80 24 -60
48 -38 81 -51
-56 78 -87 -88
b
41 -22 66 -45
96 -55 53 -11
-41 98 41 84
-3 74 86 14
b
-33 60 -31 -19
-90 -29 -99 33
99 -42 -38 -98
-5 0 30 -35
b
-17 -33 -78 71
41 6 -66 -42
-26 39 -85 -71
-90 -63 67 14
b
1 -15 72 -76
-97 -55 -59 65
77 -18 -88 60
70 71 31 -12
b
-95 27 49 5
31 23 -10 -62
98 -21 -92 -42
2 -97 -62 53
b
-75 -20 67 -61
78 -59 95 89
3 20 -23 87
23 86 53 -83
b
67 36 70 -63
51 13 -33 44
-35 10 46 6
-49 -95 -11 -37
b
12 1 62 47
-80 -41 -45 36
53 -100 -31 62
54 71 10 -91
b
69 -71 74 77
91 -37 91 30
-77 90 6 16
-4 48 77 -38
b
-75 59 -93 -72
94 -51 20 -80
25 -5 -77 -94
-3 83 87 86
b
-67 -76 36 94
-87 -50 0 -29
98 48 58 76
-66 48 -89 -26
b
41 -33 81 67
-79 -83 86 -11
27 -28 -10 88
-30 75 -61 -81
b
9 73 43 24
39 98 -94 23
81 58 -65 58
-14 27 -85 -79
b
29 -62 -93 81
-40 38 -4 59
-17 52 -89 -50
-91 7 14 98
b
65 -31 10 47
-59 34 2 84
67 -28 -43 -66
1 57 -85 -75
b
40 -6 4 -64
-14 -40 -35 -67
-27 70 -20 23
-22 -70 61 0
b
-92 94 -40 -63
-4 -77 95 -55
14 -84 49 -49
66 92 -71 -81
b
-77 -41 28 3
-96 72 30 -47
-57 77 27 -85
-53 54 64 73
b
-95 -46 61 78
92 48 -36 -57
-62 -58 -71 -89
66 78 -44 -98
b
-61 -73 -81 -30
57 -50 -26 44
79 33 -78 -14
6 12 80 -77
b
-51 -12 -78 81
-77 -34 75 68
97 -37 -66 -30
-43 -9 98 12
b
74 -65 47 -40
-17 -62 61 36
33 -16 -50 53
26 -69 -53 -83
b
46 75 -39 -56
-31 -72 98 -25
-83 27 86 -38
-25 64 -88 48
b
-39 -54 -82 7
-56 -46 -91 18
-29 -30 95 -64
2 -45 -48 56
b
-99 27 -5 -21
4 68 77 18
93 -97 44 -82
-38 -5 -47 62
b
7 50 11 -33
-96 -91 -28 -49
-78 15 -4 -86
-8 97 -21 -20
b
-87 -6 -76 -92
-46 98 -84 23
10 -40 62 -97
-77 -66 -84 -67
b
-48 17 78 -34
-49 -57 -34 -11
-71 65 73 -90
14 46 -83 -96
b
63 -13 16 -48
-55 79 -43 43
-11 -11 86 52
40 35 44 25
b
73 -1 64 3
-48 56 9 -21
-50 58 82 -67
-88 60 -77 34
b
-32 96 72 -5
94 78 -38 -43
-76 44 -100 4
75 71 -56 68
b
60 -87 -83 45
-37 -9 30 -68
84 -42 17 41
28 -62 -49 83
b
45 85 -67 4
-13 -13 -8 27
-74 84 75 87
-87 -69 -5 88
b
-36 -23 -43 -42
-57 7 -59 33
-59 -46 -34 92
49 -64 -22 -1
b
98 5 -23 -9
27 86 95 65
-50 -5 95 32
72 63 -63 11
b
27 -20 88 52
55 -83 -53 82
5 52 -3 69
83 -51 -85 -84
b
14 -69 -87 83
-64 -78 -39 39
67 39 -98 -32
62 -72 -73 -20
b
17 -10 -81 34
67 -80 -40 12
-57 -12 -95 -39
-52 -94 79 42
b
-14 6 87 -54
97 93 90 53
43 90 51 -10
9 -45 66 45
b
-22 -59 48 16
78 14 99 70
3 -66 -38 -49
50 -59 -7 -63
b
-76 7 22 -62
18 52 25 -21
22 16 91 99
2 51 -7 73
b
81 -22 77 11
-39 -54 84 98
85 -43 85 -51
82 -60 -36 -57
b
-22 -18 98 4
17 90 -37 -12
82 -42 6 -89
66 74 -98 0
b
-67 57 44 -43
-47 28 -11 77
-15 39 -39 40
54 -31 76 6
b
51 -88 85 28
60 -66 -13 23
-60 4 -36 25
67 -23 -100 -37
b
6 -15 51 20
-29 24 -76 -24
4 81 -99 5
-45 -100 -10 -18
b
47 -4 -45 -63
-15 -95 74 82
12 88 5 -39
-24 -96 -81 86
b
88 3 9 -41
84 -87 -10 -34
81 55 -60 -56
73 -78 34 94
b
13 30 55 -65
-64 -69 -48 55
-97 -27 94 31
88 58 -50 14
b
-57 -89 -28 37
33 -9 -73 -64
-28 47 21 -81
58 -50 -8 -25
b
91 57 62 1
-41 3 88 50
6 -43 80 -58
-3 -54 -60 37
b
-11 70 45 -11
-86 14 46 -80
53 41 -98 82
74 20 68 -88
b
-62 15 81 -84
-3 59 64 40
-60 -23 -97 -81
10 32 37 5
b
-45 -6 7 -51
-92 10 49 -3
-83 -19 31 -6
16 12 -43 -91
b
72 -6 59 -32
47 4 22 86
-95 -44 -54 -62
10 73 -40 89
b
68 82 24 98
6 93 63 -25
-69 -22 -4 81
-84 81 28 -19
b
31 -78 -92 67
-88 50 90 74
-80 -96 -3 19
61 47 -33 62
b
93 -86 -33 54
-13 -33 74 56
-32 -80 -24 -30
5 -68 63 -66
b
57 9 -71 -65
-83 88 93 -82
-95 -10 -26 69
-46 88 -14 5
b
-82 -89 98 37
-31 89 -77 -11
-24 -71 94 37
-38 -73 -11 85
b
-40 72 -13 91
-55 -74 -10 14
-5 -63 27 -93
86 76 11 34
b
-26 45 -82 -90
90 -74 18 -72
-63 -60 50 16
24 93 64 33
b
75 -66 -79 -94
63 82 -99 -54
67 5 -92 39
11 6 4 -86
b
-97 88 36 26
85 -89 -33 -17
-4 89 -93 -29
22 -82 31 -70
b
-71 -28 -85 -66
88 34 -97 -68
-85 9 -32 -70
-100 -2 66 -24
b
-42 -63 97 -59
6 -40 -76 -11
-37 -58 -18 -48
86 -98 14 75
b
13 80 22 76
-65 9 -21 11
-79 11 -45 78
-89 -26 -49 95
b
65 48 38 -42
-78 -59 93 41
56 24 -35 85
18 -88 72 -51
b
74 -46 -70 -93
-5 -65 97 -100
3 -14 88 11
-91 72 -63 42
b
93 21 6 -19
26 -11 63 37
-70 -2 54 -83
55 40 -97 12
b
72 17 74 75
82 -6 -62 -50
15 60 5 86
-4 -99 -9 28
b
-98 69 -80 -98
93 36 -13 27
58 -18 82 85
-69 -29 71 65
b
0 -7 99 34
-47 90 -69 63
38 -20 42 -66
13 -13 -43 -84
b
5 -79 9 9
30 29 -68 68
-93 67 -76 60
-24 -83 65 -30
b
32 8 -42 -45
46 95 -7 91
37 60 74 54
-66 -44 93 -85
b
45 -61 67 -79
-34 81 34 61
-77 85 91 3
-31 35 5 42
b
-38 0 65 57
16 38 -17 46
26 -68 79 -61
-56 53 -94 -6
b
-56 -100 -59 -24
12 4 43 -59
96 -74 18 97
-51 -64 -50 30
b
-25 66 -53 72
55 77 -21 -32
-85 -82 -25 7
33 -84 -2 -71
b
72 -11 85 56
-26 34 -79 89
-62 -95 30 11
48 -58 -79 81
b
-4 2 7 15
-5 74 -36 3
-19 8 -63 11
43 49 -82 -38
b
4 63 3 24
-20 53 23 -94
18 79 -65 -65
69 66 80 -74
b
26 -17 -73 60
69 98 67 53
-12 71 -57 -32
6 -88 32 -34
b
-85 -71 -100 68
56 86 -20 -84
62 96 -47 -2
-27 88 11 60
b
62 -51 78 -10
-79 97 -90 40
-4 31 -57 -35
36 72 48 21
b
39 -4 -60 -58
-4 -88 -75 -13
-43 -52 -56 -13
37 48 -76 28
b
-22 -35 82 -13
60 2 96 47
-3 23 8 -71
23 23 -22 -12
b
92 10 -79 15
79 -51 -47 78
-53 -86 -44 94
-30 -18 61 11
b
-54 -13 -68 -22
32 -42 17 -19
74 -96 -85 76
-61 -12 34 -31
b
78 -46 94 35
-76 -52 74 18
-31 94 -63 24
-95 77 70 -56
b
-22 23 70 85
86 -9 -91 -72
17 82 28 -91
-82 -85 -14 49
b
13 -100 93 -82
-71 37 -48 -84
33 82 5 -56
95 -65 27 -72
b
72 -76 -45 -42
-3 97 -64 51
-36 62 -5 51
-51 83 98 -96
b
-19 81 -60 -93
3 7 -67 -42
55 -64 -22 48
-55 -31 -54 52
b
65 -9 -1 75
-60 -37 -37 -9
-39 -55 -88 -47
-20 -10 -98 -20
b
-100 -93 -75 -36
-14 -85 -53 -11
-40 12 4 -100
84 -19 88 -52
b
-37 -75 -89 71
-27 98 16 -99
-94 52 69 31
39 -8 -70 -62
b
-57 38 20 29
90 -56 32 20
92 -74 8 -23
-100 -48 -68 -50
b
32 23 -11 63
-80 53 -84 -93
76 -19 93 -37
-43 -65 56 38
b
25 91 -19 -29
43 53 82 38
-90 50 84 -14
-80 16 29 -42
b
-57 59 -7 -100
99 9 90 -26
87 20 -58 14
-40 -92 55 -100
b
-48 89 -29 -74
-17 54 18 -1
-57 -77 28 -1
13 -35 13 79
b
81 97 -53 54
-71 -48 17 -15
71 -56 18 65
86 -100 -11 -69
b
21 53 -67 69
0 -62 95 27
-30 -1 80 -70
-87 -84 54 -19
b
-4 -44 -53 -45
-29 91 43 90
-28 -52 -58 -30
59 13 -3 -38
b
61 90 21 30
-43 -51 79 89
-30 7 70 59
-17 -93 -71 -37
b
-51 31 -21 39
-27 97 -36 40
-14 -59 -46 3
-62 12 -99 22
b
42 28 38 -32
-49 64 29 -75
4 63 -12 -40
77 39 85 45
b
-71 97 99 -67
91 -81 -42 4
-66 -10 -30 -80
17 -16 -52 -64
b
76 -36 -77 -93
-67 66 56 -22
98 -24 -38 42
-28 80 91 84
b
83 -31 40 49
65 -99 12 -75
-80 -43 35 -16
-48 -30 26 19
b
-82 74 -74 15
77 -67 -7 -52
-70 51 62 -25
-99 69 -22 73
b
-64 58 6 77
-81 -61 18 61
11 -32 -35 -65
34 -33 76 -32
b
-32 -26 14 -39
90 42 3 67
5 39 98 -69
-54 3 9 -23
b
89 2 69 -70
31 -59 2 -56
84 -66 14 -46
-31 90 -27 -39
b
88 18 76 34
14 -65 54 -91
-33 -75 -85 26
47 -29 82 18
b
-18 84 -74 -88
78 79 -42 -49
-9 50 -18 -38
-36 -78 27 3
b
7 -38 49 -75
-55 51 -54 20
-85 -35 50 45
1 -16 24 -35
b
-35 98 74 45
86 -56 79 -95
-87 -47 62 93
-78 27 36 -87
b
45 93 96 -57
-1 43 96 22
77 64 -84 -8
75 67 -54 -65
b
-71 -81 -78 9
-84 96 -40 -27
25 -78 31 -30
54 26 51 85
b
29 46 -98 -2
92 -3 -41 48
37 -74 41 -94
-77 -41 81 43
b
-47 39 29 25
63 78 33 33
59 -89 47 -96
60 -13 68 -80
b
-64 -8 -85 38
-87 -100 16 86
37 67 -50 -92
-58 -34 77 -33
b
65 38 24 -7
22 -13 -7 43
25 -56 27 -11
81 95 -27 -55
b
86 -95 57 99
-7 39 -89 27
79 -33 -20 27
10 83 90 34
b
-9 -55 -94 34
-59 -50 -75 17
-15 49 7 62
49 -87 -73 18
b
-75 18 3 -56
-15 -57 92 -78
-59 90 -91 -72
27 -42 -26 -71
b
3 -72 -98 84
48 -95 17 22
53 -48 29 30
2 2 -44 96
b
-95 -51 -77 60
-49 -10 -48 94
95 -88 -18 -10
25 -72 98 10
b
11 47 -57 -65
38 -76 45 27
43 96 -3 29
-5 81 88 -43
b
-30 89 -42 12
31 -25 -52 88
63 -39 94 -34
48 -18 -52 -99
b
-59 -3 -88 -88
97 -3 13 42
76 -89 -61 95
10 26 25 -12
b
-30 -5 91 51
51 -95 -8 84
-48 -89 47 -91
56 27 -30 -98
b
11 -89 -66 39
-54 -91 -8 -75
-79 -92 -3 91
87 73 -93 -99
b
-70 99 66 6
29 13 33 -34
98 55 40 -90
-94 69 -15 37
b
-3 -75 23 77
-34 44 -74 -56
-37 -65 11 -80
71 -57 36 46
b
-51 -39 13 80
-90 10 -27 12
6 -27 73 -99
81 75 -68 -81
b
28 86 72 38
19 55 -37 30
60 -51 28 -14
53 69 -79 -54
b
78 90 25 -65
-11 8 -18 -89
8 82 56 -93
34 -64 23 -59
b
78 28 9 58
25 55 -36 -8
72 -35 -14 17
-79 -24 -27 -80
b
4 -5 -29 -24
-87 30 -43 63
43 -94 -22 39
-84 55 69 -17
b
53 69 -71 1
-68 44 66 -100
43 86 68 -48
98 26 -18 -15
b
-72 -14 54 -49
-48 65 79 59
28 72 87 32
15 59 85 39
b
-42 52 -100 -63
34 -83 -64 -88
69 -19 35 4
3 -54 -6 -4
b
-35 75 30 4
47 10 60 12
-34 -83 -25 -20
93 -56 -15 32
b
63 1 37 62
-36 66 -91 -92
54 45 42 26
52 -33 77 -66
b
-73 -92 41 -93
-85 87 -79 -16
-1 96 -7 38
-34 91 89 20
b
55 47 62 0
-12 79 53 -49
-44 -2 -56 65
0 16 -65 52
b
-47 66 -86 13
-58 -69 99 29
-37 59 36 -24
-94 -34 -34 68
b
-37 2 -46 -28
78 32 -36 -93
-90 -79 -54 83
99 -3 27 -11
b
75 -12 -83 49
41 -89 98 64
67 -91 86 -10
-78 -87 27 -12
b
86 26 14 -93
-90 -97 33 -32
-46 -12 -54 -63
61 -99 61 -95
b
56 -3 -75 71
31 17 92 -52
-81 42 35 48
83 22 26 -90
b
-24 -58 77 -57
44 10 -62 93
3 11 -59 -73
19 -80 -3 22
b
57 -38 -73 95
52 -42 77 98
11 -58 -19 -45
-1 34 -71 -82
b
5 -68 86 52
18 -74 -8 56
-66 15 33 -71
9 24 -33 78
b
-51 -9 77 -28
-84 72 -29 -9
33 30 -45 36
66 69 -99 -75
b
-34 -100 75 -79
45 73 -8 73
17 3 -61 52
32 62 -46 69
b
-38 -58 -59 -60
-72 86 -83 -72
-30 63 -54 -96
-9 36 -19 81
b
98 29 -97 -90
59 78 -40 24
-83 -33 80 -40
-6 -24 -83 47
b
1 0 -38 28
89 29 67 -69
7 -18 -73 -98
13 -55 74 -77
b
34 -48 -100 45
-8 -37 41 -98
-31 -76 -58 -2
49 46 -50 -71
b
-33 25 -86 70
80 -22 4 4
32 64 -84 -7
-34 -68 97 64
b
42 86 -2 99
90 -1 -73 0
35 8 73 58
17 -62 11 -80
b
-77 -86 50 -27
86 40 -19 -60
-36 -33 49 73
-94 40 -51 -80
b
84 85 32 -55
-24 -9 85 -9
99 91 -13 -93
9 16 -46 49
b
1 25 -87 14
44 6 -24 -2
-96 78 75 40
10 -73 -91 67
b
87 92 -89 62
88 -13 -6 18
-11 6 -42 -58
-10 21 96 -37
b
75 -13 -75 66
-88 12 50 0
-87 -49 -78 17
78 30 -84 -99
b
24 -14 -46 -76
-76 8 51 -100
-64 -60 -48 -28
66 -12 -85 -45
b
83 44 10 -17
6 -89 -37 24
42 -13 -16 92
-87 60 -53 80
b
6 -29 62 -88
-77 74 39 -100
-86 43 -69 86
37 -1 67 81
b
31 73 15 95
93 43 -74 -66
58 7 28 -68
-28 85 98 -30
b
0 -98 86 -42
-82 -5 -84 54
59 -42 -7 93
24 -24 36 -43
b
98 -7 -14 3
-87 -87 26 78
37 12 -53 56
85 75 34 -2
b
-68 89 31 8
40 -100 43 33
68 -37 75 -76
-27 -33 -18 32
b
23 9 50 30
48 33 -18 -31
87 35 -66 65
56 92 66 9
b
41 -87 12 91
82 65 80 13
-84 12 -33 67
-97 -100 60 -99
b
-81 -82 -23 89
-65 -100 -58 -14
64 9 52 -65
48 -16 55 63
b
86 -49 -80 24
67 90 6 71
13 61 -42 -26
-53 60 59 -60
b
19 -7 13 57
5 -81 -32 93
-39 -7 -55 77
26 44 -6 0
b
42 -72 15 -28
-30 24 94 58
58 1 -27 -54
-88 9 -68 97
b
-19 -47 51 4
-93 -54 -24 -51
56 85 38 -20
-63 86 -13 42
b
-73 70 89 -74
11 -78 -92 -28
48 -29 -15 84
29 40 41 88
b
32 73 90 42
-58 54 13 76
12 40 69 2
-19 77 -87 -46
b
-67 -23 6 -41
-97 32 71 20
-89 -14 -58 8
83 18 59 73
b
43 98 -60 -43
-25 -89 -58 -72
-65 -15 -11 -32
-2 -56 -51 -96
b
-19 -90 31 7
17 -35 57 31
-42 -88 65 -58
-14 80 -74 -24
b
86 87 -9 -63
66 -66 -46 -32
51 -68 0 63
-92 -83 36 -4
b
-19 64 -1 12
-67 -94 -64 -57
8 97 6 50
21 -53 -46 -89
b
36 21 -43 62
-12 -6 -65 -23
46 24 86 43
5 -61 2 32
b
69 64 85 -37
27 -71 74 32
82 61 -71 1
80 -52 -96 54
b
-1 -64 -1 44
73 -43 85 -45
-38 76 9 -47
0 22 -49 -70
b
64 95 -32 -43
43 -18 99 -63
84 73 -14 39
-32 28 73 -39
b
-18 -52 -44 -14
47 -99 50 -7
63 25 -91 -8
31 -73 -19 -46
b
74 60 87 26
8 3 -84 -27
9 38 -39 74
-18 -22 -79 -99
b
83 -84 -75 -5
-74 16 -93 37
88 67 5 -1
-11 56 -6 -12
b
-74 57 64 -80
-94 3 -8 44
-59 -22 -77 51
-6 96 -67 -45
b
3 40 94 73
-32 55 17 6
51 67 45 96
-35 71 3 -50
b
42 1 80 -69
1 -22 16 -4
-7 2 -9 21
43 12 75 27
b
50 49 -14 -56
40 13 46 43
94 -45 46 -60
-61 86 38 77
b
80 16 -4 -78
-91 9 27 -30
-10 -83 -98 -11
-37 -96 -28 -92
b
28 18 -11 84
77 81 56 -54
13 51 -49 -33
19 75 -27 19
b
-98 91 71 32
-43 -35 82 12
-66 -67 -88 -82
-46 -93 -43 -45
b
6 52 -31 6
0 84 -70 -100
-29 -92 -38 -59
89 78 12 88
b
38 52 18 93
-17 -29 -27 -25
-16 40 -87 -76
-10 16 -16 27
b
-30 73 61 55
-9 -41 4 -43
43 -23 -78 -90
-81 -52 -70 88
b
-3 27 -26 75
94 -72 -62 -24
52 -77 -79 -30
41 -50 -83 10
b
50 28 95 -59
-15 -11 18 47
-1 -98 -54 -72
43 -82 -14 55
b
37 -4 28 87
9 89 66 4
-75 -13 97 -76
40 48 -70 93
b
7 61 54 63
2 -22 -85 -30
-57 -86 88 16
-55 85 69 -4
b
-64 -68 13 49
-45 -8 -49 -99
62 -53 86 -26
-36 92 46 -7
b
19 -48 -49 -52
27 54 3 -10
48 -16 15 -36
36 -45 96 72
b
92 -36 -59 53
27 41 -52 49
50 -97 39 -13
92 -80 -100 40
b
-99 -57 5 67
-23 -67 -35 -67
3 15 -23 -90
80 46 -78 58
b
-92 -57 17 97
8 -87 -6 83
-58 70 17 40
11 41 23 -32
b
13 54 -6 -13
97 4 -95 -25
16 59 85 98
-2 88 41 50
b
41 -20 1 10
13 -8 47 99
-10 39 -33 14
97 -79 11 85
b
-52 69 51 82
-64 6 -41 70
-69 -66 8 -30
35 -21 61 84
b
-40 -8 -82 13
35 -82 29 -18
-47 -1 19 -15
63 43 69 -5
b
66 18 -34 34
20 -77 -70 -82
0 37 -61 34
77 -8 41 73
b
-35 72 3 25
41 57 17 -84
60 88 77 -55
41 62 40 -81
b
37 -61 -12 -16
-57 -19 59 -54
-74 -84 -52 19
-58 66 -75 -61
b
30 -70 -55 29
41 35 34 -56
-53 -94 62 -95
96 28 -64 -60
b
-66 76 47 79
-75 46 89 79
15 -34 48 -10
-55 -9 60 -11
b
19 87 -12 88
-81 67 -59 39
56 -44 -23 -41
12 -16 -7 -69
b
-64 49 -85 -43
90 -78 -21 48
80 87 -22 -1
-82 31 44 -52
b
-92 97 56 -24
-81 -39 94 -46
98 41 -71 -73
-25 -91 49 -31
b
-20 93 -21 3
50 0 63 -96
41 -79 74 50
95 -7 79 13
b
70 60 -37 -85
44 -21 96 90
-18 -16 -69 24
58 -74 9 -27
b
-24 30 92 -64
78 -79 -49 -33
-24 -5 89 45
56 98 -49 54
b
42 -58 -71 -60
80 86 -17 -11
80 6 -91 45
77 29 -98 -71
b
-70 36 51 -93
-20 48 -12 -46
31 -26 19 -21
-37 87 -84 -93
b
-93 14 -7 97
85 -11 99 -55
-84 79 45 41
34 -72 37 -96
b
31 62 73 26
38 28 61 11
92 -79 -20 -29
-85 -45 94 1
b
-24 -13 -83 94
34 25 -79 -50
-44 -26 -100 -56
4 -11 -76 32
b
49 -7 -24 -96
-24 21 72 -67
-24 54 -14 52
-51 -2 8 -80
b
92 93 -14 -94
-9 -52 -60 -97
-72 74 56 75
-100 53 -23 -66
b
12 -98 -78 51
-88 53 -54 40
10 -63 95 84
3 -23 45 -90
b
-38 33 -43 -66
77 34 -58 -37
47 -45 -41 39
-85 61 50 79
b
-13 17 -49 -100
-32 -27 31 69
28 83 11 47
-56 14 22 -13
b
-45 40 31 28
5 -45 -61 70
43 -62 11 39
56 44 -40 24
b
75 -65 83 94
-89 -45 56 -68
35 -72 2 -70
-57 0 27 46
b
-79 -74 -13 7
29 41 -90 5
39 32 62 -81
57 41 -96 -15
b
20 73 -11 -88
31 94 -45 -13
-39 41 44 70
-69 -46 -25 48
b
13 -97 85 -4
82 -90 -24 69
-92 51 -5 58
-99 -95 -69 -48
b
-92 72 29 -5
-90 99 -94 45
-31 29 -28 64
65 6 -78 68
