b
27 -43 18 40 79
44 89 78 64 -33
12 -44 84 30 -99
-76 88 89 -12 -56
22 33 -21 22 -76
b
-20 -97 -48 53 40
52 -55 57 -58 3
32 -77 46 -28 29
8 -57 43 -70 30
-60 -17 50 -52 64
b
82 23 51 -97 -79
-35 70 41 37 -49
-76 -56 68 -100 16
87 -36 67 45 53
10 14 -51 -40 -76
b
-73 -27 -25 49 -83
-30 84 -77 -24 0
-97 -68 -98 83 5
60 -47 70 83 22
87 -43 -2 -36 -35
b
-14 -89 -2 -83 -76
76 35 86 -35 46
-12 -83 93 -73 36
-37 -78 62 -48 -70
-99 -70 -27 -79 2
b
-41 -20 79 -23 -61
-68 -50 72 55 -49
-22 -45 -42 -74 79
-98 63 -40 49 -42
-33 -4 -85 -46 -20
b
94 -26 20 -81 -44
-15 -76 73 55 -25
-65 -23 35 -75 -24
-15 -25 -98 65 -21
-69 1 -82 -43 -3
b
-30 0 -69 -52 -55
7 -21 -44 -56 92
-1 11 12 68 76
37 16 16 48 -60
-57 99 -45 -4 78
b
9 -85 96 -58 26
-48 -46 61 91 -94
-44 -68 -86 89 -28
-69 -7 -86 -96 33
56 17 70 -51 -56
b
19 -85 29 -16 -40
-32 60 -33 -62 65
97 28 -15 35 71
-50 38 82 57 45
-90 76 -74 -33 71
b
-76 -56 -92 -80 77
-51 10 15 39 -22
-45 81 -24 -28 46
91 75 -69 13 18
-21 -76 -13 46 18
b
-93 64 -54 -71 -59
-93 -84 95 18 -30
-46 -34 -34 -81 24
-66 52 -30 -10 -72
67 -30 86 65 4
b
-74 -89 -20 72 88
62 71 83 -29 85
-58 -53 27 36 -62
-99 17 86 74 -89
23 29 40 17 -84
b
32 -57 -71 15 35
3 -98 -76 91 69
44 -53 -61 19 -63
15 87 50 64 78
17 -16 92 84 -91
b
-5 -16 -92 -80 67
54 24 -15 -6 -81
79 -57 -23 -36 77
-28 72 -2 1 43
85 52 93 73 9
b
-49 -59 -40 -53 76
-38 48 88 -33 -57
-25 72 32 94 61
-17 84 34 -29 3
93 -52 -89 93 -35
b
-91 84 42 -57 49
-34 -64 36 75 -60
-47 71 -92 30 -89
6 20 -38 5 -93
-42 84 -42 -9 97
b
-55 -64 -78 -59 74
54 -82 -99 -19 82
51 21 -49 31 -8
-37 -10 54 -4 73
95 -23 -19 63 49
b
7 -34 -5 -31 -56
37 -76 28 -30 75
2 -73 98 7 20
57 -9 -89 58 -67
76 -45 45 -39 -48
b
-87 13 54 -73 -45
95 -75 -91 64 59
13 71 -91 -93 76
92 -59 -35 19 -56
-69 -39 -36 -60 -36
b
-65 79 4 57 0
-69 43 -78 -19 87
-23 99 -41 61 -59
82 -44 7 33 -15
14 -85 -93 -3 -96
b
-93 95 -62 74 33
64 29 -10 -38 1
-32 -10 19 81 -1
-79 95 64 -90 -47
82 62 51 55 -28
b
82 20 15 15 66
-38 43 23 -5 -77
-56 -16 -9 51 9
-65 51 -61 1 -42
-15 10 -74 3 98
b
-23 -40 -26 -80 -74
93 55 -2 82 76
68 -37 -16 -91 -17
8 -3 60 8 95
84 -96 -10 59 54
b
-100 28 -90 11 -45
30 -52 5 -33 51
-75 -23 47 -69 -52
34 51 -62 -23 57
-37 -24 -78 -32 -26
b
-50 -5 -73 99 -40
64 0 49 13 11
73 -73 -85 -42 -93
-74 -2 -39 -40 -8
33 14 54 13 -87
b
-40 12 -62 -47 72
-20 -19 -26 12 66
95 50 29 -63 40
2 19 0 37 81
-45 87 -74 63 18
b
38 -67 9 -39 -37
31 -62 31 96 -79
68 -69 39 30 28
-85 59 -7 10 61
46 65 18 24 58
b
65 60 -82 -76 56
-10 85 -66 -69 26
-77 34 -59 -39 -30
-67 73 -82 -2 -19
-54 -67 -74 52 61
b
39 9 79 80 31
69 11 81 80 -73
10 -31 -39 62 -29
-20 -44 -14 93 -77
52 97 51 31 42
b
-54 -27 2 -40 -70
-35 -39 -64 90 -6
96 99 2 76 -44
-23 -98 -5 56 51
-84 -63 -48 99 58
b
-33 4 -29 42 -25
-85 -6 98 -76 77
1 -25 -13 52 36
5 -85 14 -96 80
56 55 -44 -43 82
b
58 -6 58 54 57
-28 -64 -93 59 8
-32 -23 53 -54 -23
67 -8 -8 -45 4
-73 -90 86 -68 -57
b
-91 -39 21 -83 45
79 25 74 80 12
-64 94 -7 -24 69
22 -30 -47 -100 -52
53 -98 -16 2 -97
b
72 -100 -15 80 -100
-11 56 -56 -74 31
-59 15 -72 -39 -35
-45 -35 -81 -5 63
97 8 -65 35 -67
b
-76 -18 74 79 80
8 -62 21 -65 50
-38 37 -43 49 20
56 69 -40 89 31
-43 -20 -14 31 29
b
6 -39 90 47 63
4 -29 48 -36 79
11 14 94 -57 -31
-38 82 43 -66 61
30 27 -27 -48 -71
b
-14 52 -94 59 70
1 -4 86 -69 -86
50 87 -20 52 86
97 7 70 -80 66
43 -87 -52 3 32
b
-49 -47 14 -21 -43
-82 -85 -5 56 -88
25 57 -30 13 46
-36 41 -97 -75 -2
-97 99 -26 -99 6
b
68 -63 23 -97 -87
61 60 64 64 -14
-52 -15 -72 -29 22
-98 -26 64 73 97
-94 14 55 -67 -69
b
-13 -94 -76 -78 6
46 -86 1 -67 -60
0 -88 72 18 35
25 -87 -50 -98 -72
53 -40 13 13 58
b
47 33 -98 -84 0
27 -14 13 -35 -68
-84 -75 88 -97 -42
34 -80 97 35 -41
-87 -18 73 -83 8
b
54 29 18 -61 96
82 -59 -39 -51 81
-36 17 17 68 27
5 53 -12 -7 26
2 -79 95 -44 -73
b
50 -24 53 16 82
-13 -64 -68 -58 64
20 74 -80 -24 25
-7 61 68 -75 -29
53 -68 -99 43 -58
b
7 -24 22 -15 -36
-6 -5 -38 -100 -20
61 31 55 43 89
7 -75 42 17 -30
40 -69 -55 21 -47
b
-28 73 -50 77 -47
73 -34 -37 -22 16
-2 34 -62 33 -83
11 71 45 -37 -5
-58 17 22 -41 -10
b
-92 -96 -83 -71 -100
46 26 9 -30 47
-48 -48 -82 21 94
94 68 -94 29 31
56 -15 -62 42 90
b
3 73 -48 78 -94
-85 69 -94 53 -16
-54 78 -62 -23 13
51 61 -76 24 43
72 -83 -79 -40 7
b
-25 -29 -79 -4 77
68 64 -65 64 37
18 73 -13 44 -32
62 9 84 12 -41
92 97 37 39 23
b
-96 38 -41 26 -9
-44 43 45 -68 7
-78 -10 -76 -91 81
-1 -32 -28 -63 -33
-7 -6 83 74 -17
b
-57 -57 90 69 33
3 -33 64 -77 22
-46 -46 -23 -42 96
-20 -57 28 93 80
-80 97 62 -75 0
b
-60 84 49 45 -72
94 -47 18 80 -13
-62 -65 -24 71 -74
48 77 -44 87 83
-7 -87 29 -63 95
b
55 64 -74 -77 -38
42 87 -50 -51 -53
-71 -99 -29 -85 98
3 92 36 -20 -70
-60 36 -22 65 -58
b
91 -99 -21 -49 -33
-59 10 38 -96 31
94 6 -63 51 99
-20 83 55 18 90
-38 -40 26 -89 -91
b
21 10 10 69 -30
7 -65 -69 -73 -52
-98 -88 7 10 32
23 23 -86 53 -4
-59 10 22 59 67
b
-79 76 97 -48 80
15 -57 18 16 -67
-5 -47 -72 -47 41
-56 64 69 -60 -91
79 -32 48 1 64
b
-18 -80 78 6 85
-73 72 -46 -98 42
46 -8 -97 83 90
89 46 -51 74 28
-90 -60 -17 -14 74
b
-55 -19 26 -73 37
0 58 14 -63 -2
47 -39 0 29 -35
49 1 -84 46 -53
-81 36 46 -68 83
b
-60 -80 -54 -71 24
27 83 3 61 37
31 31 -31 -36 99
-75 -75 48 -17 55
62 20 47 -81 -63
b
65 -47 -2 30 58
1 -57 53 -36 -31
-41 52 1 97 -45
94 -22 -3 0 -56
23 71 38 99 -62
b
-12 32 -45 -86 36
84 72 67 27 -11
74 -86 -59 -24 -85
-69 21 82 22 -78
59 50 -57 -29 -26
b
86 20 22 15 91
72 12 85 22 73
12 -36 -31 -81 61
6 83 67 63 14
-29 -3 -94 -72 -83
b
70 33 5 -10 -28
-86 78 7 36 86
93 46 13 51 -1
56 33 -95 67 70
38 56 -13 -51 96
b
75 50 -65 -92 -70
60 83 52 46 36
-61 -64 -95 -65 93
38 58 -79 98 35
63 -63 82 46 -53
b
33 -21 59 29 70
-51 -23 26 71 -36
83 34 -18 -76 56
-79 28 18 4 -72
14 -58 69 29 -86
b
-43 -20 60 -12 31
-61 95 -14 -22 -78
33 -37 -97 -29 -83
-78 -35 -20 -34 -4
-97 88 41 -23 -64
b
-54 -99 -8 -73 -4
49 0 -35 -57 -48
-70 54 -8 -67 54
78 60 -14 -1 -17
67 -43 1 43 -72
b
-47 76 54 26 -95
-18 -38 -14 -15 -99
-55 85 -9 86 72
-46 12 87 -86 -48
56 22 33 -61 32
b
-77 80 61 -90 -31
-62 14 -61 31 -22
-61 65 63 49 16
7 19 40 64 -52
49 52 -84 90 84
b
62 37 -6 -17 1
-65 25 -38 13 -69
77 38 -59 67 63
38 -97 -46 83 -53
77 73 80 -32 5
b
-2 -54 -26 50 91
44 8 48 64 -37
-98 -50 87 -65 57
-19 -57 -71 -80 90
-11 -67 96 55 32
b
-73 -85 -40 -66 90
24 60 -21 -34 -80
11 71 -4 94 -11
10 31 22 66 -53
-14 96 -3 -39 -50
b
-86 21 -6 99 -96
-65 73 -67 34 86
-72 -48 -62 -95 54
6 25 19 -34 -63
63 -52 -13 3 -50
b
73 -58 76 -65 62
-99 65 -55 -43 30
4 -85 -69 -80 -42
14 42 19 -72 1
-3 83 -20 58 90
b
48 -44 -59 64 -43
-16 22 63 47 38
-63 -16 16 56 21
-59 78 -48 79 -82
31 30 5 -28 -52
b
-23 85 -36 91 -15
67 -98 35 44 -58
-38 -60 0 75 83
85 -14 91 -73 -91
10 -26 58 95 -88
b
2 65 -67 89 -40
69 32 -81 78 -15
-79 -31 50 8 -86
48 -79 -51 -53 -22
86 -66 -35 92 75
b
83 98 -63 -92 3
-56 -88 -80 -32 81
-82 47 -53 96 -47
-98 -62 72 -70 46
-66 27 -32 -35 -55
b
-79 -7 -82 -33 18
-23 63 18 61 59
78 29 87 -33 -22
-60 -80 -96 -95 48
-90 81 -32 -64 32
b
5 92 -93 58 33
-24 95 -56 1 27
-71 47 13 59 50
-18 23 83 90 29
-17 91 -60 -47 12
b
-75 -58 -75 -14 19
-81 -38 92 -88 -41
34 85 86 57 -58
44 -54 75 -33 12
99 -40 -23 28 98
b
-96 -82 76 -76 35
-3 54 -31 -94 89
-93 6 41 -25 18
-20 55 21 -19 -87
-44 -66 -93 86 55
b
73 9 -31 20 60
-53 22 37 -20 24
-63 -29 -75 -84 -67
-12 -36 -24 -15 -25
87 -69 -71 -83 11
b
8 59 53 -16 -65
67 -51 -2 11 -78
19 69 93 21 -68
-38 -47 27 -17 -87
83 62 65 -28 11
b
31 -84 -17 90 -80
54 -5 -92 -33 -73
-77 -75 81 -66 76
87 86 -58 2 1
-12 84 92 -100 -32
b
21 57 24 63 71
-68 -23 62 -47 -36
6 -8 93 18 27
51 66 -59 -34 24
73 90 -33 -36 -60
b
72 -81 -40 -77 29
89 -64 -89 1 4
94 43 63 -80 52
67 -41 -73 -16 52
-21 28 -48 35 38
b
-99 40 -47 18 -57
43 -47 46 -72 15
-63 -36 -43 2 -84
-45 36 -50 -31 -55
-29 -82 75 67 -72
b
73 -45 -58 18 -15
29 -27 33 -49 19
88 5 -26 70 34
-78 -87 -48 64 7
-20 26 -81 -51 67
b
-77 36 1 67 45
23 -8 88 73 -26
76 40 -97 -50 23
-100 -25 25 -77 73
39 75 -91 8 -19
b
-26 -30 -25 -24 40
-92 60 -40 -18 -63
32 48 95 95 22
4 -91 97 -84 94
-82 16 51 15 21
b
-40 -56 -94 -81 -85
14 72 -26 -89 92
-37 66 -24 -58 -100
-25 -35 10 60 -13
20 51 -22 46 83
b
21 9 3 -10 72
-87 58 37 -76 75
24 -31 91 -56 21
-14 52 41 38 -30
37 84 -7 -66 -27
b
-8 72 53 44 93
-85 -87 42 45 67
69 96 -80 -74 -2
16 -34 88 46 -99
50 26 12 -100 92
b
-92 79 -1 -2 -85
-85 -87 -60 74 -87
26 -40 72 -76 -15
48 -34 -84 74 -19
50 34 -92 -20 32
b
37 35 57 -91 -76
8 90 54 -78 47
-29 -74 -64 0 -25
12 93 -34 -100 16
-92 -5 -94 1 26
b
-87 99 10 -32 77
17 73 -37 -41 23
62 -72 -45 -73 -41
-71 -45 -60 11 -8
-80 42 -45 99 -77
b
-19 -49 28 -62 -9
42 -46 71 -24 -54
51 -5 -57 16 -38
-19 53 -99 -83 29
-64 38 96 80 25
b
-77 -23 -78 -44 -55
-49 -8 -32 30 50
13 -45 40 91 -79
-10 67 -88 -49 31
-14 53 -76 56 -34
b
-63 -23 6 -9 -67
13 -45 2 61 49
-97 81 61 40 38
-55 -77 61 32 28
-39 -4 98 69 -67
b
18 -39 -9 -59 -15
61 -97 83 -100 -33
59 5 51 -4 -35
27 -90 29 17 -27
-36 -2 3 -71 -79
b
8 82 -82 -88 84
50 74 -2 -53 -43
-1 57 33 38 -66
49 -68 36 -47 54
4 4 -55 -5 86
b
-3 16 -44 -51 39
-9 21 -85 42 51
-50 -78 27 94 -84
57 -55 55 64 -1
-65 -91 51 29 86
b
27 91 82 -33 6
-4 -24 15 33 -84
-52 46 -85 -67 -65
-70 -52 -20 -42 -83
27 -22 99 38 -55
b
-26 76 76 25 68
-1 53 2 -9 -97
-5 -28 -37 53 26
26 51 47 86 83
77 32 59 -24 -7
b
-19 -5 -29 94 18
-29 -48 -90 -2 -48
-52 29 13 32 84
-70 16 57 36 53
93 -29 -51 -93 32
b
27 -54 96 79 76
59 49 45 62 -42
93 5 43 14 16
42 8 17 -24 88
82 9 2 77 -32
b
12 72 74 -76 -35
-7 53 10 62 35
-11 -93 9 60 -2
-84 10 -55 -2 67
46 -28 -51 78 -85
b
54 83 -95 -89 -87
1 -93 -49 -44 -76
-13 91 38 -37 44
-67 -74 -50 -76 71
89 97 19 -1 71
b
76 -52 21 -72 46
-83 65 49 68 22
-9 -60 37 61 74
-6 -54 -21 -88 27
12 68 -5 51 -79
b
78 -54 86 -78 -60
56 -91 -5 76 90
-55 40 -90 -29 79
-64 -13 -24 -19 22
99 -23 -9 -81 58
b
-28 -4 99 65 97
85 -29 53 74 8
-74 -96 64 -78 19
-72 -30 14 -34 35
50 41 15 93 -2
b
22 -26 -40 -25 -30
-78 60 96 -61 65
52 71 -82 67 81
73 67 93 73 65
69 -11 29 -65 -83
b
37 -64 -16 38 58
-97 -31 54 -39 -16
11 -79 -2 89 54
55 -20 48 -46 -89
-63 -16 49 72 -54
b
-7 68 27 7 82
82 24 -25 83 -79
36 94 1 2 77
-66 -16 -82 61 70
71 83 25 58 13
b
-55 -43 -83 68 17
-29 63 9 -21 -68
-39 -38 2 -25 -86
6 -70 -85 65 -63
-81 1 -55 -56 77
b
-56 -61 -35 10 -1
94 68 -93 64 -27
-25 56 99 -85 -53
-79 34 -67 -5 -63
96 94 14 -2 46
b
-64 -89 -96 0 41
-72 -3 -85 -18 -74
-94 -91 -77 1 30
61 -33 69 -30 0
-50 33 62 50 -15
b
54 -72 -58 -34 -56
33 25 -99 -60 -59
96 -56 90 -67 -15
65 -78 -45 -89 54
-90 58 -17 -97 -80
b
57 72 -11 -37 12
-35 -45 90 -1 38
-92 -12 -76 -4 99
8 44 -97 -49 -54
67 6 -16 -54 -13
b
-11 -16 12 83 -55
77 10 -63 -15 94
-33 -18 -58 98 95
80 -33 1 30 51
39 -57 30 40 86
b
-30 -28 -76 39 0
67 -4 57 -81 -98
27 17 8 62 87
38 -3 27 46 99
30 -88 -82 -10 -96
b
56 -26 -32 -63 -34
97 -41 -16 -59 -48
46 59 -54 38 -78
22 99 -30 4 -25
-61 90 71 3 -54
b
-73 16 7 4 -10
1 45 68 98 -30
-76 57 -13 -66 -35
-4 -35 -91 -15 -3
33 -61 -79 66 -65
b
-35 35 -3 -64 82
23 34 -53 39 -97
8 -11 -97 -53 -19
52 -62 -66 -57 -52
22 -59 2 41 -72
b
-28 -38 -77 49 -26
62 -4 -93 -26 -19
-11 46 -53 -41 -92
-58 40 58 49 -90
-63 95 93 63 85
b
-23 22 82 -42 17
-16 -10 -70 68 -13
-51 73 38 71 36
35 -49 63 -9 -34
-7 2 -29 -14 53
b
3 -10 -53 -91 39
43 82 16 36 -21
60 74 -21 51 -9
-38 49 -80 -87 46
84 -70 -38 63 -55
b
14 -75 -28 -58 -23
75 -51 82 23 -46
-7 -38 -45 -19 -69
-24 -48 39 29 -74
-88 -55 7 38 74
b
83 88 -84 90 99
11 48 27 -42 -83
-100 -40 -7 6 87
74 -38 -66 60 -45
46 82 -7 -60 75
b
58 71 -74 71 2
-21 86 41 -57 96
80 31 -76 -82 -62
-53 -48 -26 -7 15
-54 -94 35 -48 11
b
-38 93 50 -65 27
43 -31 61 -48 -9
34 -6 -56 14 -16
50 19 91 -66 -42
-33 -80 -22 34 69
b
26 7 -32 -94 73
-99 -61 43 -79 -72
-22 -76 -33 -44 -53
-64 99 54 81 23
-6 75 -54 -2 -21
b
50 76 -21 -43 52
-97 40 1 48 -20
-20 -70 -7 38 -46
13 25 71 -53 -32
43 -48 -62 35 20
b
8 41 67 -100 -5
14 -34 -35 -82 2
-29 -59 14 -31 32
-15 -16 -40 86 -99
51 71 -33 -35 74
b
90 -97 99 -88 -40
54 57 -45 -59 -90
22 53 -53 -52 38
-71 72 75 -97 30
-3 -15 -31 40 -86
b
40 46 88 -12 -37
72 68 -15 65 -26
92 37 0 7 36
-43 -96 20 82 80
-46 91 -3 24 22
b
-62 27 74 -70 -89
77 61 45 -92 83
91 67 50 22 89
-6 -60 67 19 -50
22 -40 98 -91 -22
b
85 89 64 53 -45
-46 88 41 -79 14
-81 -77 -95 -5 58
-93 63 81 13 63
70 28 59 -97 89
b
-60 -91 17 -88 -83
98 5 -61 -72 -5
-5 -74 -17 -20 -53
33 58 -19 -21 87
-76 -9 32 59 -95
b
33 88 -68 43 26
27 -3 -64 -8 62
24 -90 55 -3 -58
-45 85 -89 -80 -49
60 69 89 -54 -91
b
89 88 48 -3 72
-29 85 -61 -46 -5
66 -93 77 76 44
-70 -29 -1 -34 -25
-31 44 75 -74 1
b
-31 -11 24 65 30
6 13 -8 2 -91
75 -31 -8 -88 -33
-45 -2 -88 -66 -99
56 -91 -32 -31 38
b
-70 84 74 -82 59
-36 10 -63 29 37
56 98 -75 -4 80
-61 -93 -35 59 15
54 -40 78 -18 64
b
7 68 62 -49 32
-65 14 55 90 90
-72 64 -59 37 84
19 -95 20 -42 47
25 -82 73 -40 -62
b
81 83 -3 17 -7
60 -19 -89 -11 -66
98 -5 -1 -35 -79
8 27 42 -52 -26
77 -39 -87 45 22
b
-23 85 32 -97 93
-19 91 2 89 99
-77 -23 5 82 -92
-41 -83 -53 -70 -41
-99 -64 95 -33 -19
b
-67 79 73 -15 -57
-83 15 -98 6 -75
57 16 70 -77 25
-96 7 -7 55 -62
0 28 51 -76 54
b
-100 86 50 72 62
25 -3 37 -13 -47
-87 93 -80 16 37
-11 1 -34 -44 93
-76 -31 -20 -24 -18
b
73 -21 3 71 -57
-68 -78 -19 -88 -13
-23 66 -20 -2 57
-2 -20 15 -66 40
20 -41 11 93 35
b
90 -81 -63 -40 52
-83 59 -42 -32 67
98 -76 27 -59 -52
-69 54 -71 -2 -31
-64 -52 -34 16 65
b
4 15 87 7 -41
46 75 9 -23 -47
29 -81 61 -76 -49
87 63 -48 -88 8
30 -8 -94 5 -78
b
17 43 -76 43 57
1 -55 20 11 -93
85 -57 3 -85 -41
88 83 66 58 -11
-46 -17 43 57 42
b
36 -65 55 12 -100
-64 86 -45 34 64
19 28 68 -42 71
-69 -97 11 38 55
47 -36 35 -70 -10
b
-66 -5 82 63 5
32 -43 6 4 -86
89 3 38 -8 49
54 -45 -37 53 -22
2 14 88 -59 -5
b
77 -54 68 59 32
32 45 -34 80 87
2 63 93 56 -57
56 -87 24 12 -13
-17 -42 -6 -10 29
b
76 -60 -30 -48 25
-72 -54 54 35 35
87 -9 -60 35 -33
-100 -98 47 4 -67
-25 -14 -14 71 -57
b
93 -54 99 -9 54
-59 0 -43 -37 95
93 46 -19 -30 60
-95 -98 -20 -33 91
27 68 28 65 56
b
90 4 -55 -56 -8
66 90 -24 -36 -96
-94 -26 31 72 22
33 -60 67 -28 60
-33 -84 94 -40 -26
b
49 -69 -22 7 -25
82 53 -78 -54 -24
-83 -73 73 73 67
38 -33 34 -8 -4
-23 94 67 -25 -64
b
15 69 -54 53 34
39 -7 12 -73 55
42 -88 -24 31 98
-58 -66 96 -7 76
-39 5 -63 68 -83
b
-40 76 79 -1 45
95 43 31 95 -1
7 -52 71 94 -96
-7 -39 -74 -94 -16
-99 -83 37 -42 27
b
97 -30 -86 -5 6
15 -40 14 83 -90
24 -97 -48 -29 -3
7 -71 -51 -12 52
-93 -71 -13 57 -49
b
7 65 90 14 81
28 91 50 9 57
33 54 -79 -41 -39
91 -46 10 6 -68
31 9 23 98 51
b
36 68 -90 -62 16
-60 -21 -73 30 78
-22 7 -87 72 -12
88 -14 -39 -4 -62
55 11 -40 -12 26
b
48 9 -99 -23 -71
-49 9 -45 62 45
7 43 69 9 32
66 -50 -71 -81 -98
71 -63 -5 -35 -75
b
-77 -80 3 -79 -6
-17 97 43 -7 -19
5 67 -47 56 -65
82 -26 -53 -26 -54
57 -48 84 50 50
b
37 -94 37 -31 -7
91 70 -88 -20 -12
-41 20 19 13 -7
98 -11 -36 85 36
-92 -12 -6 -46 -43
b
-10 38 20 -86 -94
70 81 83 12 26
5 -76 -29 -49 -90
-52 -52 -65 53 2
-10 21 4 -60 -41
b
38 60 64 20 79
-55 64 15 55 12
99 -73 -71 -34 -92
63 60 28 48 19
-50 2 8 28 6
b
-36 -26 -72 -92 57
21 15 -94 -65 94
-33 -40 -24 -36 89
-40 -26 92 -70 -55
78 83 -25 24 18
b
15 19 98 -30 -96
-71 27 73 2 11
-36 -12 -19 53 -26
59 96 87 -89 -54
-46 -96 -74 -66 89
b
-30 22 -95 76 -17
-38 -23 9 -90 31
67 22 -11 -12 -34
-55 -20 -7 10 71
-83 -91 61 35 -9
b
27 -42 13 -14 24
47 70 -29 40 35
85 -54 74 23 -42
-60 -31 -58 -97 24
37 -53 7 -27 12
b
-75 16 74 -33 -16
64 -24 -96 -49 -50
37 31 3 -11 32
78 -86 29 -52 88
-95 28 -90 38 -15
b
13 55 -73 28 65
-86 -42 -27 35 -62
-15 -30 91 7 -54
99 -77 -96 86 65
-14 84 -5 11 7
b
-47 -84 -80 -100 -30
-51 -42 7 -16 -62
56 -51 34 -16 90
-38 50 48 37 35
61 50 -49 -90 2
b
50 50 97 -9 -2
29 -53 38 61 -64
-56 -44 -83 -46 -90
-98 -44 4 98 -46
-20 -75 -89 58 65
b
96 -64 -97 -61 89
39 -58 -4 40 5
29 -76 -37 -98 -28
-100 -40 67 -75 4
-18 -8 26 -7 46
b
-4 -77 -69 49 70
18 97 -33 -56 -44
92 -88 25 -57 67
-47 82 79 -79 18
69 9 -38 -32 -56
b
65 68 40 -64 -27
-33 51 73 79 -62
22 84 -24 82 24
-31 91 98 -39 -32
91 21 -45 -15 66
b
-70 -61 39 -95 -84
-48 0 61 -63 -29
-79 60 -27 -32 35
-54 -10 26 -96 22
-97 4 -84 34 29
b
72 41 -75 -2 -29
30 33 -58 21 76
-78 10 21 17 2
36 20 0 -41 -41
-55 18 -67 -15 -42
b
40 7 16 -40 -61
-5 9 -10 -49 68
-86 24 -70 -43 21
-6 -1 -87 -93 -52
-25 78 53 -80 49
b
24 -91 2 22 -27
-18 -82 -31 -71 43
89 -13 -72 78 27
43 -43 4 -9 -63
81 -31 6 13 -76
b
1 39 -27 51 -33
-75 81 -95 63 -85
-43 28 -46 -41 -22
98 56 78 39 42
68 52 25 -70 12
b
48 96 -8 35 -44
16 -87 90 7 92
90 31 76 99 -75
-59 -41 -99 16 -9
-73 -20 96 -73 4
b
40 -35 67 59 97
-58 72 87 43 -90
-51 -94 -19 27 -86
39 -24 -31 -88 34
31 71 80 -87 80
b
36 17 -30 -37 -13
-27 -67 10 26 18
-75 70 59 -96 8
-75 -52 74 -57 50
79 90 47 -16 -6
b
-93 15 -69 -24 -64
-15 -75 -87 -94 -91
30 -14 97 48 -38
21 -56 8 75 86
-73 58 15 40 -15
b
-15 -100 65 -14 83
61 58 76 66 -21
-80 -67 -29 -69 -57
18 -3 83 64 12
-35 -14 -78 53 -57
b
-55 -18 -33 89 -33
92 -91 58 83 48
-62 -80 68 -92 79
-56 91 -78 67 2
-61 37 -18 -35 -75
b
26 -61 60 -41 -69
-72 -84 -45 -25 86
-37 -32 -13 68 64
5 42 -20 51 -77
-17 -38 -5 95 -66
b
-14 -8 -84 9 42
33 99 -6 53 37
-61 -95 -76 -38 71
-100 1 36 89 -40
-66 -62 20 19 89
b
-43 2 -12 -60 -98
-49 -4 58 -13 -2
53 -46 -82 -18 27
22 2 35 91 -8
-66 41 62 59 11
b
-37 18 30 83 15
71 51 69 7 -38
-37 10 -21 -58 31
36 -78 -19 -75 3
-81 0 62 -40 -76
b
96 66 -85 -11 -89
57 -43 67 32 -80
-1 -36 -11 -24 91
-63 -25 43 -21 -51
99 -35 -92 -77 6
b
54 72 -95 84 89
-2 -65 5 -31 -100
-52 -68 -14 -96 33
57 75 -80 -40 85
92 -37 -98 -51 28
b
68 27 -60 34 -84
-98 65 77 76 -47
63 -93 76 -19 77
-43 94 -28 -21 -46
56 -37 -5 67 38
b
49 28 -91 76 37
-25 35 -27 48 58
51 38 74 83 37
-34 85 -18 52 -61
19 -51 23 94 -4
b
84 65 -36 24 -75
98 -12 -14 49 -77
-71 22 45 -1 -80
50 53 8 -19 -6
-35 77 -44 81 81
b
16 -42 50 -31 38
-38 -30 45 45 -58
5 -62 83 62 -55
-15 31 75 70 -8
-73 95 -43 -62 57
b
-21 6 70 -71 88
27 66 55 -15 -66
-75 -46 14 -83 -99
64 -51 -58 -66 -1
-63 81 -19 -4 -21
b
-64 19 -10 95 34
-7 -57 87 24 70
9 9 93 92 -34
10 38 -24 21 33
65 -16 -56 8 -33
b
59 -89 46 19 -81
-75 -40 -2 10 45
-39 14 69 82 -98
-15 17 -37 -58 98
36 5 92 46 -67
b
-97 -96 26 1 -45
98 18 2 76 -40
-14 65 -44 70 -52
-94 26 -70 -90 -13
-65 -18 -43 89 51
b
13 -40 51 86 -84
-54 -37 9 -76 -4
-83 -94 -64 -31 -28
-44 86 -89 -40 54
-51 79 13 87 -27
b
-20 50 86 33 94
-63 -89 -77 -60 4
26 59 -53 73 -39
-16 -94 34 -76 -55
5 -13 17 49 72
b
-56 -68 19 -71 -42
82 -69 -30 75 3
0 86 -71 31 96
55 53 -12 97 17
12 33 80 87 75
b
22 35 -50 42 -2
82 82 47 -58 -16
26 90 86 -72 -26
-37 -94 -98 -16 13
25 -43 57 -55 -18
b
-7 -85 -63 66 -82
8 6 -73 -25 -92
-13 -2 -43 37 -4
21 21 0 49 5
63 -50 4 11 -43
b
-88 -91 7 -60 80
-43 -92 88 34 1
-53 17 -78 27 99
-41 9 -14 -89 63
-51 -44 -60 23 94
b
98 85 33 79 90
-74 -66 -98 -1 8
-43 69 -97 99 -40
-64 -38 79 -51 -57
30 32 29 -48 -21
b
-66 -63 -92 97 3
28 -77 51 89 -65
-54 -58 40 59 26
-51 -61 -80 30 60
18 -65 -61 -41 5
b
-63 -99 -81 14 89
25 49 69 74 5
54 43 25 -32 72
64 -66 -84 62 44
-66 30 65 14 -23
b
43 8 -73 -8 -66
-86 -24 22 -57 86
63 -62 -9 8 -14
48 -56 -37 -62 -49
-24 13 35 48 -21
b
2 -48 48 64 -92
-30 42 -75 7 -30
-73 -57 -43 -40 -4
87 -30 55 -97 -89
-41 -9 83 86 97
b
50 38 97 -78 -53
-75 -2 -52 9 -97
-19 3 -11 48 -9
86 58 88 -19 31
-85 31 -56 -14 93
b
-9 -19 -27 -30 53
-18 25 -37 3 -23
-65 49 43 -74 66
67 88 11 -21 -74
-47 -45 95 -68 15
b
-49 20 85 68 35
57 -90 -10 -13 34
-7 -94 52 -81 -59
-71 92 55 34 -79
-99 37 7 17 -30
b
-95 8 3 -63 72
4 -23 5 -78 -33
-80 -70 -60 86 -7
2 76 60 -6 5
-53 87 88 -99 91
b
39 53 -2 -64 -34
66 23 19 89 22
13 -47 3 53 -26
50 -25 -62 88 -27
74 -25 35 71 -42
b
-18 -96 -37 34 -54
32 -70 79 47 -65
77 71 -52 -43 -64
75 63 -81 -42 -62
92 5 29 -61 56
b
62 62 36 31 2
33 2 -94 -26 48
-56 -57 -99 80 -25
-74 -9 -67 57 -49
-10 2 90 -88 -100
b
-81 64 -28 94 10
-23 30 46 17 21
-35 11 77 12 64
-10 -19 -80 95 -38
65 -19 -71 15 17
b
2 -49 -75 55 84
87 -22 -33 -37 43
47 57 -19 25 37
80 58 21 -89 -24
63 -14 -93 -53 -23
b
-84 -85 -82 -31 61
59 94 -87 24 72
7 -17 87 -16 94
-37 22 25 91 66
-2 -44 -5 -39 -47
b
-81 -80 -5 -91 -52
95 -35 3 8 -53
-40 10 -15 80 -4
-50 11 -46 9 -10
71 -100 70 45 12
b
73 26 -80 -28 6
-78 -2 -55 -6 -57
83 34 -20 -95 7
13 -11 24 33 -79
17 53 -2 42 96
b
-63 0 58 35 36
-46 75 86 -46 -54
28 -8 -27 -82 76
91 72 -57 -60 71
78 60 74 -51 -68
b
-2 -45 -24 -82 -42
-55 -17 -11 -65 99
-21 64 -25 -68 -51
70 -63 -44 -5 61
-66 90 87 -38 24
b
54 -17 -17 91 -4
71 70 -16 -43 -74
55 -32 -38 98 59
76 -100 80 99 -89
76 56 -17 19 30
b
27 -98 52 -30 -17
-31 -28 -16 30 75
-88 6 5 -89 -100
-58 5 40 -61 93
-38 1 -15 92 99
b
-56 -38 -10 21 36
89 32 -27 24 -61
60 -70 -48 -1 28
-35 -19 5 -97 7
-34 16 76 -55 10
b
-66 -28 -6 -93 -32
61 25 55 48 14
-3 63 -43 -83 -87
-82 -87 -37 -72 -78
-31 -97 -38 -19 60
b
-45 -78 93 98 -17
72 12 32 -34 -60
-16 -52 -100 57 70
21 36 -86 49 89
-74 21 -74 -41 95
b
-87 -48 -72 75 98
-36 -45 11 47 0
-21 56 -21 -35 92
-44 -26 6 27 -85
11 -25 -27 -44 42
b
-56 58 -6 -100 -78
-56 -76 -28 -6 -86
77 43 47 -79 -28
28 -19 -51 -39 -28
72 62 71 -63 -27
b
-62 72 -9 77 -6
-51 19 61 -2 -30
-28 45 -49 -88 -9
96 60 78 -83 -80
-89 -24 5 55 29
b
-25 -86 94 -6 86
10 -28 -81 75 50
74 4 -56 -3 -80
-5 85 -50 -83 77
94 74 61 89 11
b
19 -25 2 -16 -36
-23 -8 14 -31 77
-61 -22 79 6 38
-41 94 -87 34 -91
87 -19 -71 34 44
b
-14 12 -76 5 2
-70 83 -85 4 97
58 -33 11 -25 -53
-42 -3 15 -49 10
5 -73 33 -16 -26
b
32 14 -100 81 -78
80 22 -74 67 42
-50 -15 -55 -85 21
21 -97 -80 -56 3
34 84 8 -80 28
b
14 -47 -20 -85 -41
-25 -93 74 -99 -69
20 -15 -56 -66 -21
-83 -34 -71 -41 54
-16 -74 -93 -28 98
b
-97 -46 -99 -73 -17
-72 2 -100 -54 93
-8 2 99 59 60
-88 -40 -13 -73 92
-85 25 -91 -6 45
b
-97 65 -83 -87 21
-11 -93 -72 13 21
52 79 -53 92 5
-38 -87 -79 -50 -71
-30 35 41 1 0
b
-16 97 37 -43 97
-51 -42 -85 68 -100
14 12 -55 -24 21
-27 72 55 19 29
85 79 49 35 34
b
-90 95 90 -1 -10
11 -75 88 -43 4
-25 42 84 86 1
-9 -83 -34 -20 86
-81 -30 17 -70 -8
b
93 15 -59 21 38
43 2 5 10 92
-46 -81 -33 -29 73
-27 38 -68 49 96
-48 0 -23 -55 3
b
79 -20 -82 92 -50
-17 -73 75 93 -64
11 4 18 40 41
-62 -9 -5 -72 73
-29 -12 68 49 -1
b
71 -15 13 -81 43
-13 36 41 -43 -78
-52 57 -65 -9 29
-18 25 84 73 91
75 -16 72 -20 -28
b
33 -50 31 -9 -27
-89 36 -83 -35 26
-49 70 -64 49 -87
38 50 76 48 35
59 -97 67 73 80
b
-94 53 13 54 2
92 76 40 -77 41
55 95 74 49 21
-4 75 15 17 65
91 -15 79 -4 40
b
-55 50 -18 35 -24
45 3 -40 70 10
-31 73 -12 -65 98
-98 -58 81 17 -5
-95 39 51 52 9
b
4 36 -11 -68 -18
12 70 -28 87 30
52 83 2 50 24
-94 -45 -51 44 85
-16 31 64 -100 10
b
57 -90 -69 86 -95
54 -36 84 -88 74
71 20 -80 -11 -20
53 -80 -37 -45 90
64 -65 -75 56 41
b
28 12 -16 79 18
-86 22 -79 38 22
-30 -61 -34 -71 -43
-64 -38 66 23 -86
-72 88 25 66 75
b
91 4 -92 -85 -76
38 -21 -57 -75 -10
-40 39 -64 -97 44
13 58 -29 49 7
-21 -18 79 -62 92
b
13 11 -72 -73 -13
11 25 -68 2 -85
-59 22 17 23 34
35 80 -49 89 6
96 -56 -88 -80 -51
b
46 25 -52 -34 10
52 -63 -46 21 -77
-97 1 -58 36 -48
-96 43 92 -100 92
-11 31 76 -22 67
b
99 31 -2 59 10
-50 23 -70 -92 -24
85 -34 38 0 -42
42 86 -52 52 98
-85 12 14 -1 39
b
-44 87 49 55 -43
91 73 35 82 -56
6 -4 25 -64 -83
-14 16 -85 82 58
-96 49 17 75 69
b
47 4 -41 53 -17
-19 97 0 1 87
-68 -64 -84 -9 -9
-77 51 47 86 15
1 82 73 64 6
b
73 72 31 -71 -66
-23 -55 84 65 -2
26 13 43 -10 -3
31 -51 -19 -45 69
38 87 -18 66 -43
b
-91 55 -30 -10 20
-23 94 51 31 -41
48 -46 -56 5 -62
-15 -47 13 46 16
-8 30 84 -65 83
b
-41 -18 -62 -62 -40
5 91 -64 -76 -56
11 -10 10 -56 -54
67 -96 40 -11 1
-12 96 -59 87 80
b
84 15 55 -6 -37
13 -6 8 -7 -66
81 -53 -79 -21 17
48 -3 92 -60 8
42 7 -95 79 13
b
40 -74 -19 -77 25
54 37 81 -57 -99
98 -85 85 15 -36
3 -76 59 85 29
27 43 52 52 -24
b
47 3 96 61 -3
-50 -49 18 -57 51
-60 51 -37 -29 -24
-49 52 35 -70 25
90 61 79 -58 -33
b
27 -90 87 84 -76
16 -91 -8 -14 27
-12 0 37 -47 37
53 83 -54 6 -64
-34 0 -6 25 98
b
-17 20 72 -34 6
-24 12 77 -28 52
-54 -3 -58 -2 14
-15 39 5 91 62
-19 -4 45 80 79
b
-91 -21 -56 -41 -70
-38 -64 -28 69 -40
-63 66 83 45 29
17 -96 13 30 60
28 -32 -1 96 -44
b
81 -25 -7 78 -11
-61 50 -16 -55 -5
-73 11 -76 -41 92
-43 -99 -76 -56 -21
76 92 -30 70 34
b
80 63 79 -84 13
-67 -11 81 -23 91
8 -23 -92 -19 -68
8 -84 23 39 -4
52 -44 35 -45 -73
b
-30 75 99 32 -46
-64 6 82 -57 -7
-71 98 83 -17 -10
-81 -3 -92 -26 -76
-61 26 34 -67 23
b
-55 -27 66 2 35
15 -43 -33 -34 31
1 90 26 3 6
42 83 95 -92 5
-45 86 14 74 -82
b
-46 15 -34 -11 -76
15 55 -5 -37 -1
-48 97 83 83 -94
-74 99 56 62 -96
-82 -40 40 -31 -41
b
66 -99 98 46 99
75 20 27 -23 -4
30 -37 -79 -23 15
34 55 -35 -16 67
-33 29 -82 71 -56
b
86 -13 -7 76 63
93 -53 49 88 42
78 64 78 -87 -56
-30 4 71 -36 -78
97 34 -53 -43 27
b
-70 -31 -75 89 -37
-24 -85 -30 -29 -79
-4 -10 63 4 86
-37 50 -16 59 -66
85 65 -21 34 -65
b
8 -35 58 -59 -80
79 -66 -98 -4 57
66 37 -61 -69 -29
-45 52 41 27 31
55 99 -25 95 -93
b
-49 86 -30 -38 23
-99 -40 83 38 56
4 -10 54 85 -1
97 78 16 -40 -95
-84 36 6 36 12
b
10 -14 53 15 -64
72 -3 11 88 -28
-94 67 63 -34 49
46 29 -1 47 35
1 -4 49 44 23
b
-86 27 47 81 40
39 -27 29 38 66
46 -47 -54 36 4
93 11 -31 -86 16
16 -49 -38 -67 98
b
82 -61 60 2 -61
13 5 -48 -95 -58
50 -86 83 -45 88
-29 -14 -63 68 -28
56 -11 -64 34 73
b
71 4 71 -70 85
-85 98 73 0 12
-1 -93 44 11 -14
6 36 58 -87 96
65 -83 95 66 11
b
54 -3 93 -11 -35
-48 98 -20 -8 -11
8 10 -13 -60 -72
89 77 80 30 -71
45 -54 94 -65 -48
b
-56 -16 -35 41 13
-2 46 2 0 11
-72 -38 -31 29 64
60 97 -16 93 62
58 -58 14 -61 -71
b
-72 -36 -23 9 -42
-59 -47 -83 -21 87
-66 31 -21 -4 -96
14 0 56 78 14
74 -42 -12 -34 29
b
-28 -67 -76 89 11
-17 97 93 -46 93
64 -60 69 57 -44
89 83 -83 -72 -35
53 -94 21 19 -32
b
44 14 -33 37 -73
60 -4 63 95 18
-57 51 -71 65 2
-30 30 -1 -95 -55
1 84 25 59 -40
b
-68 -61 -91 -28 41
-1 -92 17 49 -66
75 84 90 -28 -43
-24 68 46 -26 45
84 75 47 87 -97
b
23 8 98 -9 99
30 57 54 -12 54
47 41 -56 2 66
93 15 61 14 52
12 9 6 2 -38
b
-35 49 -90 69 92
-43 -35 8 24 46
31 -99 97 -22 61
-61 -51 75 -44 79
-53 73 -69 14 -62
b
-26 65 46 2 -7
17 -53 30 49 -35
21 -28 -11 -88 71
-4 24 -20 -51 42
-38 -83 -7 -35 14
b
-70 93 -84 -44 -22
79 87 3 90 -65
26 57 -38 -48 -87
-92 77 42 -45 65
-86 -88 -49 -21 57
b
-32 58 -83 -39 83
13 -53 -51 -66 25
10 -25 82 -92 3
41 8 -27 53 -86
59 21 79 87 -20
b
24 -22 1 69 -1
99 41 99 51 68
-7 62 75 7 92
26 -8 6 0 7
96 -33 1 3 54
b
-72 23 -9 -43 -1
-69 28 6 -58 34
-59 25 49 -100 30
86 -29 96 11 85
-89 38 99 -93 -61
b
-92 66 11 -6 2
7 -4 -9 -21 7
86 31 -1 -47 29
14 50 92 63 -88
56 -54 -82 74 -71
b
-30 -65 49 -56 -89
-91 -93 -42 -37 -3
-4 5 36 -65 -42
-78 14 28 -21 62
-46 -66 -65 -85 -64
b
-19 49 -15 -30 94
-97 57 -68 -99 64
16 -10 -54 -9 97
51 -22 -34 20 -76
40 40 66 47 -57
b
87 90 -24 -26 -1
-90 35 -98 -63 38
-69 97 80 -34 63
-83 19 74 8 52
-72 -3 75 -8 65
b
48 -21 -87 38 61
-92 44 -5 69 -47
-53 75 -18 -93 -62
53 -72 -20 48 -30
98 72 79 46 -96
b
-15 96 -53 -36 -94
-97 61 41 41 -53
67 -94 58 30 36
-52 47 99 -37 22
12 -54 -75 26 -21
b
-91 -93 -75 55 53
-34 9 13 -57 -81
-19 -32 83 87 23
-70 97 81 -39 -94
-43 -83 -41 41 -89
b
46 -73 94 20 -81
-3 47 -47 95 -40
14 -46 -55 64 17
2 -19 37 -77 -35
33 51 33 20 81
b
-60 34 92 -23 74
17 73 37 -82 68
-68 6 41 -33 91
36 92 -95 74 70
-60 -82 -84 -28 -8
b
40 31 33 -80 82
-28 -35 36 72 49
17 76 22 17 -48
-34 -70 67 -28 11
80 77 64 -58 88
b
0 43 -17 62 -38
37 69 -24 -47 55
80 -96 73 42 35
77 -28 -61 -75 61
45 95 -7 85 -93
b
79 1 -85 -54 -99
-76 90 15 -24 92
40 81 -25 -41 0
96 -63 87 -1 -30
70 -22 -39 18 5
b
2 -90 42 39 -69
-83 9 35 -37 -36
63 -43 73 82 -44
63 44 73 94 -90
89 53 87 2 42
b
-47 23 -59 -36 -82
30 1 -42 -91 -72
-75 24 0 -16 18
-78 33 -43 39 -16
23 -70 3 50 5
b
-19 -87 -48 59 -60
30 1 -77 83 -18
49 -30 50 -9 -42
-20 -35 -31 36 -61
-65 -47 -65 -63 66
b
-47 9 99 21 -30
71 -99 -13 10 -82
-78 -21 95 0 72
-80 27 47 -58 -84
-42 -89 -73 52 -32
b
-63 -8 -10 77 95
-7 83 23 44 -71
-16 -87 -74 46 79
45 -16 93 -54 98
95 87 -45 39 -57
b
59 -69 -25 62 3
-9 10 -78 15 -28
-80 67 96 -88 -99
68 68 42 -38 46
-31 -11 -11 10 -83
b
-3 -60 -35 -7 -20
-75 -88 58 33 -32
-47 -93 -66 66 -5
10 -10 20 35 48
-56 26 15 5 -11
b
-26 68 38 18 93
5 6 -80 53 43
-82 -41 -98 -54 29
12 61 -82 -68 -84
-51 8 -18 39 -40
b
-84 11 -89 -37 -64
-57 -41 -8 -9 96
-80 -35 -27 -1 -76
-19 47 5 -65 57
-100 -29 -86 9 68
b
27 34 22 86 64
-92 72 -7 -92 -57
33 -88 -62 48 80
50 96 41 -96 -12
-89 -5 59 94 70
b
39 -1 -14 -55 -5
15 17 -69 -9 -54
-9 19 -65 78 -25
-71 -95 99 19 28
51 -59 -65 38 -4
b
-90 10 68 18 -99
-99 -16 89 97 -55
-74 49 7 -72 -44
80 -84 -16 13 -4
83 66 63 72 95
b
-98 -77 86 52 -96
-75 73 -71 68 -61
78 46 -88 -77 83
4 67 -24 -87 -33
-97 -21 21 82 -100
b
-1 -3 25 -19 -50
-86 -37 38 -91 -79
90 70 68 50 -55
-94 -42 -51 -90 45
54 40 -76 -65 88
b
74 11 65 -41 82
-70 22 -62 -100 82
62 -49 -61 18 10
69 -24 77 -2 -17
-88 4 -16 31 -80
b
-45 52 64 26 -71
53 6 -67 -98 -17
43 -7 80 -63 75
-60 -21 47 21 55
49 -95 88 25 41
b
-61 -80 -1 68 65
-17 -27 -56 4 32
54 86 -37 -100 -88
-5 45 12 -72 -43
18 -30 83 57 -56
b
62 95 -34 19 -61
6 -23 6 72 -52
-79 79 25 26 -62
-69 -14 -11 33 -31
42 -47 94 4 -35
b
-71 93 34 -27 -65
71 65 -22 55 34
63 -81 60 38 -4
36 -39 94 75 94
-43 -57 -98 37 62
b
99 -76 -9 49 43
-47 29 -45 97 -23
29 -97 -5 -37 3
-20 54 -46 -38 -63
-51 -60 -77 -1 87
b
77 16 53 58 -83
48 12 -35 82 -95
45 -89 -100 61 -96
97 7 22 64 -35
-38 60 -20 25 -32
b
98 -47 68 22 19
-40 82 -20 83 21
-60 -52 -11 55 -53
-14 -38 45 8 96
77 10 6 86 -24
b
-2 -29 -91 49 67
99 -14 24 -77 6
87 88 -71 44 -8
34 45 -6 17 -54
46 -40 -100 -64 32
b
-78 94 27 41 97
-31 -82 23 79 -45
-24 -18 61 -78 -83
-56 -45 1 7 -27
-84 30 39 -70 86
b
-34 34 -97 43 19
51 16 56 54 45
51 -60 -85 -56 -16
-84 3 -19 -21 -24
-71 -28 -1 31 -7
b
-36 -32 -75 -91 32
-95 47 65 1 -64
-47 49 -7 -20 -66
-4 -21 -36 1 38
52 35 77 63 -80
b
-49 -12 78 7 -18
-73 -97 91 93 13
3 -70 12 81 -100
-28 -4 33 33 -47
81 3 -32 23 -98
b
-41 -18 -100 90 4
10 4 -86 -68 82
58 -35 -55 -10 70
91 37 -13 -1 87
-10 45 7 -65 -23
b
-52 -86 97 -16 -24
92 74 -51 -2 -88
38 -63 69 91 34
-13 56 -5 16 -82
70 -79 -45 -51 10
b
-59 -70 6 -27 97
-87 18 -45 -45 -66
50 -4 -12 85 -30
-84 -57 -16 -2 -17
94 40 -21 -67 89
b
-50 -80 -17 30 78
-68 -28 -12 63 -7
-23 98 -37 -68 -4
-96 77 26 88 -32
13 -23 80 80 27
b
8 23 9 -91 -45
-18 72 43 16 21
-48 -29 85 33 50
10 15 40 -97 74
59 75 31 -46 -29
b
-68 -67 -98 38 66
61 -4 -79 -50 59
64 55 -37 86 -90
-15 -80 -94 39 -82
-33 -32 86 13 64
b
74 48 97 53 -49
-89 99 -34 -61 84
68 9 -44 2 -47
-18 -75 -17 -41 51
-86 -99 56 13 49
b
26 96 -80 98 -21
74 -20 33 50 -5
-6 28 83 30 -19
39 -70 -53 35 -36
-93 93 -16 35 -86
b
-94 14 -19 57 -68
14 -46 40 65 -71
-38 -48 54 39 -51
-94 1 -34 -94 25
67 -50 35 9 -40
b
-44 -15 0 -33 3
-43 -9 58 12 23
29 -41 -85 5 95
9 35 -63 43 -90
-48 60 57 47 93
b
9 58 -18 -14 24
77 -3 -61 -12 51
-30 37 -4 -27 17
50 -51 -74 -31 82
16 49 -29 -21 29
b
-62 -71 88 -48 -5
-7 -75 24 38 48
99 -36 -43 71 99
-85 49 -30 -72 84
-34 -86 8 94 -73
b
-47 -56 15 59 90
93 48 -7 29 41
-71 42 -16 -84 49
-34 38 -11 -78 68
-44 -74 -45 -16 -11
b
81 54 -73 -8 -20
-1 42 -24 7 -23
53 -81 19 27 34
-28 5 -98 59 26
16 -20 -39 -23 60
b
-54 36 -72 -34 -85
7 -72 51 -85 -93
66 -25 -56 -11 -17
-29 70 -59 98 -50
-68 -8 56 27 25
b
9 34 67 -97 79
-40 72 4 -85 -71
41 11 84 68 -33
-18 -64 41 -60 14
36 5 24 99 -51
b
8 -76 79 58 50
-1 -56 4 95 84
-6 66 63 36 -75
-83 -37 54 -84 -91
-71 -18 96 50 83
b
-14 22 -72 -61 -8
27 62 -26 -15 -24
37 56 -99 14 -65
-99 47 -87 -6 14
-21 91 23 -22 -94
b
51 80 -3 98 -70
53 89 -28 -74 4
92 55 -9 -41 -21
-46 85 -68 67 -68
82 -70 -7 -45 11
b
-33 52 -68 -23 -65
-44 -30 -76 -43 -85
57 -71 68 38 14
74 94 20 -4 2
91 55 23 -33 -70
b
22 66 -56 -100 4
-5 -57 -55 -38 86
-20 1 -40 45 66
61 -66 71 -47 45
8 59 -54 -51 34
b
-59 78 14 85 -17
-45 5 -88 13 -6
-3 64 -44 71 -66
78 -56 -24 50 0
13 -82 14 92 -32
b
-51 6 -50 -26 -5
56 69 92 25 -86
-81 -86 3 93 37
-33 54 -63 -77 63
29 33 86 29 79
b
69 -68 -47 -69 -50
-34 52 -62 -56 -74
26 -72 95 10 99
-23 -38 65 19 -55
50 -62 98 -19 -35
b
-28 48 -52 33 -38
99 -81 4 41 95
-58 47 96 -71 -18
-17 -6 4 29 41
-100 -52 2 17 -24
b
-88 7 -50 60 19
79 47 94 -22 -67
69 -88 81 40 -90
92 -47 -50 -53 -41
-33 -83 -54 -70 69
b
9 91 -43 -58 9
-81 52 40 5 -52
97 20 -78 -3 -37
31 -28 -33 -55 -74
-99 29 47 -7 95
b
13 -93 -88 -41 -97
61 -41 -69 -3 -48
70 -26 29 -72 40
90 -72 -29 35 59
-29 -35 72 -19 15
b
-67 -83 -10 -37 -38
-38 68 -47 97 -42
-87 -8 -30 -10 26
94 -86 73 -79 26
-65 27 46 44 -59
b
21 -29 -5 64 86
-84 -52 43 -97 99
64 -44 -46 -47 -61
-92 -96 74 33 21
23 -90 -18 -14 -28
b
99 -44 25 -5 -78
-91 11 -80 -59 -99
10 -97 38 14 1
21 6 -96 -52 -24
-20 -41 -70 61 38
b
47 44 9 56 -29
-42 60 93 -79 -73
71 -50 -48 95 68
7 17 -59 -61 21
-16 -51 84 45 19
b
-38 -91 -15 25 24
-48 6 -26 -80 -49
-44 36 61 -9 -53
69 27 84 -38 52
-3 56 -17 -44 -32
b
-61 -13 -54 -16 -89
38 -20 -11 68 62
-68 -67 -47 99 -91
-56 -24 -81 35 10
-100 -16 -68 80 -3
b
77 50 35 97 -53
-63 -68 37 -32 -98
-22 8 -45 -40 26
-48 33 68 -15 -83
11 -75 -93 -58 9
b
-17 -20 11 81 -46
35 -24 25 -23 -26
-27 77 -22 -38 -85
-38 -91 -39 92 -30
-15 69 8 60 84
b
-13 56 39 36 21
-66 91 99 -91 -46
78 -35 80 -38 88
78 -14 -82 19 53
24 41 -35 99 41
b
-21 -73 85 93 -8
39 82 -18 94 -64
15 -96 -87 -29 40
-51 -80 43 5 -32
39 -19 -11 -26 -21
b
65 66 -33 33 4
-11 -62 14 -71 -72
85 -91 -66 -47 0
-65 -62 34 30 80
-59 49 80 2 -82
b
-61 30 29 -91 -74
-64 -100 -89 -67 57
1 -28 -11 8 71
-9 -36 -55 -20 97
91 -67 -54 46 -30
b
-95 83 -98 68 39
-57 -78 82 -51 -9
-80 -25 -64 1 -7
88 72 -21 98 -13
33 -35 27 78 -38
b
-21 34 -83 -24 -51
89 -5 91 23 87
9 60 54 76 41
27 92 -33 62 -16
-12 87 -49 -69 45
b
3 -14 43 -79 -75
49 99 -85 -80 28
-48 -89 -36 -32 29
50 37 63 -77 10
-72 -98 43 80 51
b
-29 -14 21 3 -86
-52 91 4 66 82
68 -95 -100 76 73
98 -64 24 45 -93
86 4 -1 -41 40
b
-89 -59 -24 17 -60
-53 -30 -27 -97 39
-24 52 98 52 -98
49 -45 -83 63 71
32 -9 56 -42 0
b
-23 -74 5 -92 51
-52 -14 -68 -67 78
-16 -65 97 28 -59
45 89 64 70 53
-50 0 2 -70 35
b
15 56 -88 27 94
-86 -39 -68 -63 -1
-3 29 -100 -55 -96
75 69 -4 -24 -37
80 57 -61 -35 -64
b
-79 12 62 28 -50
-36 57 92 97 -84
-48 -100 -61 25 5
34 94 -29 -73 46
79 -56 90 23 -69
b
-87 -39 73 -60 47
27 21 93 12 76
-16 26 61 -78 35
92 50 -18 83 86
-36 42 -91 85 -95
b
79 -1 75 19 -74
8 -38 51 33 -20
46 -62 68 20 73
-71 29 21 -96 85
-36 11 -24 83 64
b
-94 52 23 -47 45
-56 77 37 -6 -13
-55 -5 16 -15 -63
-4 63 -55 -24 83
-97 -100 15 85 39
b
13 -49 -91 -100 16
-46 53 -18 43 58
-42 70 -63 76 -77
10 -46 42 66 31
-90 29 -2 -99 -95
b
-73 25 0 20 51
48 72 86 -62 -66
-46 -27 -73 -72 91
0 -58 -96 45 -14
73 48 43 73 -30
b
6 61 1 46 81
36 -55 -9 66 36
46 -47 22 -17 18
69 97 56 -30 -25
-77 84 -15 39 85
b
19 25 -45 3 -44
3 65 -82 74 -20
41 44 -12 12 -91
78 14 33 61 -38
41 -73 66 -31 83
b
-49 23 -67 40 -59
1 98 95 71 -63
-60 1 -18 -50 89
64 -44 -37 69 90
-45 -1 75 -19 -89
b
-7 86 -55 -24 80
-63 -70 -33 31 38
25 59 -48 -92 8
9 62 59 7 -27
-45 16 90 10 -45
b
54 77 56 81 -98
-36 96 -88 -57 39
-17 74 -55 6 34
-82 92 72 -98 41
-22 54 -98 -50 56
b
-4 72 -4 72 -4
11 57 9 97 55
-3 72 60 -49 -80
41 -46 58 23 -78
-26 -7 -66 -54 -34
b
87 22 90 -30 -60
-46 31 72 -65 35
62 -6 58 -4 -58
63 -84 -71 22 2
-26 84 -29 24 -70
b
31 69 24 -20 87
-11 -38 62 72 60
62 -43 -65 87 82
24 81 70 -66 33
-26 -64 95 -17 95
b
-86 92 7 -84 68
-53 -86 29 68 98
35 -65 83 -72 10
57 -47 46 25 27
11 29 -37 0 77
b
23 43 -8 -68 50
-21 36 -67 -33 95
31 95 29 29 -5
-6 23 85 -4 -25
27 85 -16 -47 -1
b
-40 -90 29 55 0
99 52 71 81 -100
52 -20 -90 90 -19
-61 0 -9 -74 26
93 -22 -93 28 28
b
67 -81 58 39 71
-64 -38 25 40 -11
52 24 -60 37 -63
-27 -26 -35 -91 63
-90 -22 -14 -75 20
b
-76 42 66 -93 -28
-54 29 18 -23 -73
11 54 46 -82 -6
-72 13 73 6 -75
-65 -66 -63 -82 -26
b
97 75 51 -100 -39
47 21 76 72 -66
10 -70 -55 -51 25
9 -47 17 -91 47
90 85 17 -84 45
b
-76 37 27 -73 -39
-54 -67 -92 -31 46
-62 39 -18 -66 27
-9 90 58 -4 -38
-46 -3 64 -57 19
b
16 -99 5 -59 -2
22 52 -62 9 -41
-26 -84 -36 -42 74
0 -52 55 -49 -24
-15 30 29 -54 -87
b
-76 99 59 -97 73
53 98 -89 78 53
40 -72 -32 -24 17
95 29 -96 -97 -17
94 6 -5 -64 -79
b
88 -92 -50 91 57
-5 5 36 35 12
-56 67 -68 70 36
-12 -17 -100 -18 65
2 -97 59 -7 9
b
-40 -46 83 -77 -63
-91 3 -38 -72 -18
9 -4 45 -45 -33
-49 -78 -12 -10 74
-14 75 -96 -27 24
b
-87 62 5 73 -25
5 -97 94 -35 36
-33 -75 88 31 88
95 35 85 -14 -1
-60 28 41 28 97
b
-55 75 4 49 95
37 -56 42 59 -53
-49 89 -49 -8 -38
35 -57 77 30 80
34 94 -40 56 -65
b
15 -56 -19 -79 -89
-82 -44 32 -35 -52
-23 46 -30 32 -56
-42 -83 -97 -79 -50
-32 52 -75 14 -75
b
6 74 76 44 -31
81 -73 74 -22 -25
88 66 99 -19 81
-42 -32 -12 87 -73
-51 -22 -25 -94 74
b
-52 60 -38 -79 -66
49 -24 -70 -77 -31
85 -70 89 -82 50
-4 67 88 -51 20
-96 39 -52 12 -88
b
24 8 87 -63 45
-54 35 92 0 86
-63 -75 -86 87 -54
-76 -26 -75 -100 39
72 -81 6 -12 -62
b
-36 34 19 32 49
-44 -83 91 -29 28
77 -87 -13 71 -61
56 -45 53 -56 -32
17 33 -99 -13 22
b
33 77 46 54 -34
26 26 -36 -57 50
-15 7 -83 -74 -63
-30 31 -73 -20 68
-63 -77 -48 47 84
b
-14 -72 -84 58 48
61 0 -82 -5 18
89 86 -4 -4 45
-54 49 69 31 95
19 -80 46 5 -66
b
42 -21 -90 -15 89
35 65 -86 63 98
-35 7 48 -30 90
-24 -30 -33 -3 42
47 82 -18 -79 14
b
93 43 15 14 22
67 -78 -8 -77 -41
-5 88 39 45 91
-65 -40 74 48 33
-60 7 -55 -97 86
b
40 -48 80 6 -38
-18 27 -33 30 -61
-19 -92 -34 -96 -60
67 -85 -55 -55 63
21 -98 31 17 -43
b
36 -67 93 -53 82
50 -71 98 15 -99
53 -10 61 -10 -95
57 -34 23 -95 30
-9 88 80 -29 46
b
-93 37 47 -82 -54
-46 -14 93 -65 -63
-15 -96 67 -80 42
-59 38 29 48 -92
-75 -14 73 10 -21
b
63 -96 58 -15 -78
-82 -67 -24 55 -26
47 76 8 -91 -17
-76 -36 24 93 19
-77 -11 86 4 -56
b
38 -23 -54 -64 34
84 -61 -19 11 76
48 32 -62 45 1
-46 43 -83 -33 -12
99 -44 -96 -78 -2
b
-87 39 67 -57 98
-71 42 -1 -85 46
39 32 81 -23 -80
48 -58 -65 -62 14
51 16 -92 22 -61
b
28 80 -91 -51 16
23 -39 12 -57 80
93 -96 -84 98 31
-78 -80 65 83 -11
0 -28 98 -69 35
b
-81 -24 -9 10 18
-88 -92 60 87 60
-93 -9 50 41 -46
37 32 78 -33 87
94 71 -69 2 22
b
-72 87 -2 57 -88
38 4 -15 -96 7
32 70 -13 -34 50
15 -44 -48 -7 29
-1 -14 -38 -66 48
b
94 80 -29 -13 68
-2 -17 -53 -65 42
18 -19 -87 -35 25
53 51 -56 60 -91
84 86 90 -81 36
b
27 82 -12 -70 -6
-55 94 99 -3 -1
49 14 -30 3 -87
-91 21 81 16 56
38 -4 96 -21 -47
b
-67 7 -35 -52 -93
74 55 5 27 65
-55 66 -22 -88 -50
38 -36 -24 23 5
-87 56 -97 9 -16
b
-57 -41 28 77 95
-88 93 31 42 52
-20 -66 -36 2 56
-100 -36 -53 -76 -94
67 10 75 37 20
b
5 30 21 85 -96
77 76 85 -74 -8
-97 95 80 93 -11
11 -45 38 -75 59
39 -8 -88 25 -53
b
-98 -78 88 -1 -66
-31 -33 -87 -49 50
-78 -48 -47 29 -68
90 18 58 38 6
-28 71 20 34 -42
b
72 94 -23 48 -66
41 60 -51 -26 -64
89 8 -6 80 -42
-86 -48 -87 70 -55
89 -9 -83 -2 -7
b
-31 -40 -9 -36 -58
-3 -36 44 87 88
47 -7 58 -39 25
96 62 -95 -98 16
-66 3 -74 -36 46
b
-73 -77 -13 -85 55
69 6 -83 15 4
32 -34 -34 -87 -61
-26 67 11 -96 -69
-23 22 -42 -83 -45
b
-33 83 9 67 -76
75 -70 -36 6 8
49 -100 -90 29 -1
12 89 -27 -52 98
23 -41 -33 -7 74
b
-37 -39 -13 -10 -52
-51 -16 93 1 56
34 89 -53 93 -4
-6 -64 64 -5 -36
-54 -40 77 29 -35
b
80 41 -34 46 -94
23 74 -40 -100 80
7 29 69 -77 36
-100 -67 63 32 11
56 -70 3 1 15
b
30 25 68 29 32
72 -63 -13 17 84
10 -88 81 -18 72
-94 -85 79 -57 45
51 -79 11 0 40
b
-64 -26 32 93 -87
-81 -28 -55 -52 -56
-33 90 -65 77 -14
-9 -84 81 -49 -46
-96 99 -32 27 33
b
-69 -88 44 -71 -67
91 -28 -37 68 -64
-11 -77 -7 -6 -13
85 -88 -72 -17 -80
-39 16 -46 61 72
b
5 -10 34 79 37
-3 60 -81 -63 50
-58 9 -11 -95 53
10 39 -54 -32 28
-76 1 81 63 -93
b
-66 24 -41 -24 80
-99 75 -63 -84 35
-94 -26 -47 4 21
-22 94 85 76 69
59 -73 77 -93 73
b
-52 -89 -43 27 -96
90 -8 44 52 14
-14 -96 49 85 14
30 -36 -6 26 -7
-59 34 -79 -2 -34
b
-85 83 -76 -85 -79
38 -15 -16 -86 47
48 92 58 74 93
-47 -61 70 59 -64
-26 18 57 -97 39
b
-62 67 50 -19 -50
-41 -9 85 89 -67
-32 8 -56 29 83
-73 86 -47 -100 49
7 86 42 61 62
b
33 -11 30 -35 37
-28 -71 -75 52 21
73 -57 63 95 -97
-66 20 90 62 2
30 -4 59 -18 -22
b
-86 8 -27 3 83
29 67 -91 -58 71
35 12 79 -56 5
29 -21 81 50 71
-81 81 -4 20 -54
b
-3 74 -76 -96 27
90 -69 -86 1 -70
67 -98 24 -30 -82
-37 18 3 -33 40
-9 -32 -75 47 8
b
-39 -18 11 77 -53
-13 -5 86 88 56
-98 66 71 19 85
-30 -31 -89 0 -21
97 -69 44 85 -7
b
60 -48 71 -10 -90
-23 23 -75 -28 76
-76 23 18 -91 -52
-85 -61 4 -11 24
-25 -38 -79 -19 -47
b
-33 43 -91 57 29
-78 -18 73 -51 77
22 -39 -54 -10 -53
33 -13 17 -80 54
71 42 85 -45 -68
b
15 52 25 0 61
-51 -90 85 -19 97
-38 -66 -12 -1 61
8 88 -44 -75 -45
-96 -11 25 11 42
b
8 -3 5 -14 -96
61 81 -55 32 -8
90 81 76 -7 -41
22 -21 -48 64 53
-92 -63 -98 56 86
b
-36 -68 -28 -83 36
24 14 -7 -69 -38
29 53 -64 -20 -6
-94 -4 4 64 -39
-70 -59 -15 20 -42
b
84 10 54 -2 -27
68 60 -89 22 -99
29 46 87 -66 -79
62 -25 73 -22 45
-100 -70 -59 18 24
b
91 66 -20 -20 17
-65 -68 51 5 68
-57 2 -54 9 10
-58 -77 35 33 47
-81 48 94 -28 49
b
49 -36 62 49 -26
-5 88 58 -80 -71
34 -98 24 57 -47
38 77 -15 1 3
80 32 43 -14 99
b
12 52 -86 -79 35
83 -99 -35 -38 92
90 -26 65 -81 -97
-72 50 -29 21 91
47 -73 -69 84 93
b
-47 -25 22 95 -96
49 -97 -48 37 32
-60 -45 -94 27 70
96 -7 -32 -34 8
-66 -75 87 -62 -37
b
44 20 -19 -61 56
-31 -89 10 25 -8
-43 45 37 -34 -61
-21 98 -10 -68 55
92 13 35 -83 -44
b
19 -73 18 -41 39
-43 -13 66 -68 37
-89 54 -44 -29 72
-19 76 2 12 -60
49 -86 -25 -73 34
b
-22 14 69 -77 32
96 -43 -49 -2 -40
20 -72 -79 -36 79
49 -10 45 -42 -1
-91 3 -29 -45 -60
b
-9 -3 -71 16 48
-40 19 14 90 85
-15 -37 -96 -38 -67
-66 -68 20 92 -92
71 91 -99 -68 90
b
-20 -45 -100 82 60
58 -45 2 -74 -29
79 -24 56 19 13
-1 -37 -85 -14 -15
-95 -70 -2 47 61
b
63 51 28 58 29
-2 18 -24 2 92
-83 79 -10 85 -22
67 -9 -27 57 66
47 84 3 76 43
b
-64 92 -57 -14 -27
-17 45 78 -48 -51
81 15 24 -10 -55
18 -86 68 83 -99
-6 92 -64 -81 -24
b
10 61 24 18 29
54 74 26 -62 -95
84 -27 56 -53 -75
-51 -88 92 55 -15
0 -69 80 -2 -47
b
89 25 -48 -3 32
40 89 62 82 62
-35 59 -15 -8 94
-86 -18 -32 68 -80
-6 -71 56 46 -62
b
77 40 -11 -25 -44
76 90 -21 30 65
-63 -95 -57 39 40
-87 -24 -51 -73 -87
37 -65 53 97 91
b
16 -67 -28 -37 -76
41 -2 -24 -100 44
5 -36 67 37 1
59 72 -8 -79 98
-11 -24 75 -61 29
b
96 58 35 -37 -54
-85 -87 47 -67 86
44 -45 39 33 47
-17 59 -85 62 -63
61 -21 -49 79 -43
b
-89 -70 4 63 6
67 62 -64 -93 -51
69 32 46 -30 72
-79 62 -16 -95 94
81 -30 -64 -4 68
b
31 -6 82 -49 54
62 -7 -21 -23 -40
-6 81 -44 -33 44
34 -78 81 -42 -99
-64 -16 -5 26 47
b
86 21 45 83 0
-69 7 -14 -41 36
-7 -8 -48 70 -3
-54 -31 -41 17 95
-64 -57 -19 63 0
b
-84 -100 -22 -39 19
41 -10 -98 -56 -66
-68 20 35 68 -28
28 52 -70 36 -50
6 7 -48 -43 94
b
88 8 -84 -81 -27
-11 28 -51 -7 -26
58 52 -24 57 9
49 -4 -35 35 -20
-85 -26 32 83 -54
b
50 38 -42 11 -96
-62 64 94 85 -82
51 -4 -9 -53 77
70 88 -71 70 -63
-59 -10 83 72 -74
b
-92 14 16 -7 -26
-12 -21 49 -93 64
49 72 -44 72 -82
-60 27 -98 -10 78
16 14 -84 80 -29
b
70 26 -7 67 86
-11 37 -92 25 -29
-31 -12 29 -81 -64
-97 -90 -7 -40 -79
-99 84 -84 -3 45
b
10 -62 -97 84 43
19 96 -98 60 12
81 74 -47 -100 35
57 44 -73 64 46
-51 82 28 94 -69
b
-16 72 20 93 -10
-20 -88 7 40 -75
-64 47 82 -56 -97
-2 -2 -68 68 -90
2 -18 -9 37 36
b
-19 70 -13 72 28
-18 -24 -67 -22 -51
63 -87 -35 -11 -30
-59 -72 49 0 -62
77 63 38 -9 -32
b
86 -4 -53 42 -17
-99 -7 -59 51 -91
7 41 -71 63 70
-55 23 -33 91 97
10 54 65 4 -29
b
-87 13 11 26 -80
-20 53 -17 1 -29
10 59 -29 69 10
-5 -45 44 -29 -70
77 -65 -33 -3 83
b
-85 87 -90 -3 54
-17 97 -38 54 74
15 -49 98 68 83
-75 -88 -78 47 8
33 66 76 90 -3
b
75 -21 -14 21 -61
30 79 68 13 -66
95 -24 76 -55 7
-50 -8 88 -100 -46
73 83 51 15 -67
b
-40 -34 16 -85 22
-93 26 -94 -98 82
58 67 -59 88 -71
82 14 -64 27 65
17 -46 -63 47 59
b
-3 -54 -69 34 39
6 4 -60 -86 -67
82 -11 48 -15 62
-94 11 -37 -59 83
-24 -47 56 62 -18
b
-92 28 -90 33 90
47 56 86 -22 -5
37 44 -23 11 78
70 -77 -93 -26 -14
-67 -35 -84 -45 -16
b
-23 71 -11 29 -8
-12 23 -7 68 22
-83 -72 0 80 -66
-63 68 9 -11 34
-42 -72 28 83 11
b
63 63 96 91 -75
43 -50 -61 40 13
54 -52 53 -74 56
-2 -73 41 -59 92
-46 -56 89 -37 48
b
-96 50 64 -5 10
-62 -67 1 42 63
-86 30 -14 81 -12
67 -7 69 34 26
-27 -64 32 3 -22
b
-2 -39 -49 -68 -83
47 -63 -81 -44 -30
35 -3 -13 -58 -49
-55 54 62 19 57
28 79 75 -85 11
b
56 -75 -34 72 -76
69 87 -69 -50 -90
6 26 25 40 76
-20 -48 -48 10 27
27 -24 46 -10 -92
b
-30 45 23 -93 35
-51 63 -84 9 -46
-72 -78 38 71 52
-98 70 8 0 83
-48 -57 -61 -60 93
b
-88 55 28 -47 3
34 51 25 -36 91
-65 -67 55 85 49
92 88 34 31 -28
35 -46 80 -69 32
b
-27 -85 -25 -77 89
84 75 68 31 40
-59 27 -11 26 19
9 -88 -50 7 94
-72 67 -76 8 89
b
11 30 -21 51 38
71 4 -59 54 57
9 -24 -6 16 44
-74 75 94 -24 38
67 -72 -34 34 -79
b
-67 64 -85 52 -30
-23 19 -3 -90 68
-47 11 12 -84 -36
50 91 -91 -51 11
95 32 -96 -39 37
b
-3 81 97 -66 25
64 24 34 71 88
-36 75 23 15 -27
-11 -80 88 37 -100
92 -82 94 36 -91
b
82 0 10 39 41
67 63 -8 -82 -66
3 77 46 46 -26
23 -24 -2 -9 -59
-60 96 -32 63 -61
b
51 -68 -5 5 -23
38 -98 6 85 49
8 -71 84 99 28
-1 97 20 37 69
-76 -65 68 3 38
b
-67 26 -48 82 73
-41 19 97 71 35
-44 93 34 -33 85
-60 -65 -77 -99 -87
-18 -47 -99 1 65
b
-100 82 -62 7 -83
44 95 51 86 3
-67 26 11 10 -82
8 2 -43 -73 -81
-58 48 80 41 78
b
2 -49 -18 -57 -98
-16 73 -40 83 -51
-62 -44 -27 -36 -79
43 28 -58 -70 -51
55 8 -56 18 27
b
71 84 59 -98 92
-16 26 -21 6 -75
52 -30 -6 97 30
-80 39 -67 -43 -27
-36 4 -10 -74 68
b
-61 -6 62 -14 93
26 26 -51 85 80
-94 4 88 -85 -27
-78 -62 -11 64 42
-66 70 -61 20 -86
b
-55 -36 4 99 99
-57 -57 76 14 -19
-28 51 72 97 5
81 -63 -92 52 47
77 -92 -32 -92 28
b
52 -48 -64 22 38
37 -98 -34 -58 -89
-80 -52 28 -50 -47
29 58 63 46 -64
-31 13 4 24 -46
b
63 56 41 -30 22
41 0 65 3 -64
62 26 95 -81 44
54 38 15 22 -6
98 -19 99 -100 48
b
-66 -74 -74 27 -94
95 98 15 47 -20
78 32 22 -62 49
-64 -24 17 -58 -94
63 -81 78 -86 -80
b
46 -60 -74 -89 19
8 -84 47 85 -92
-19 69 96 -65 -34
-61 -63 77 17 76
50 -35 -94 -28 78
b
88 68 96 -21 74
58 -43 -57 20 -94
81 -84 74 61 -31
-25 4 27 18 7
-19 -72 93 36 -73
b
37 -19 -78 -22 -68
3 -83 69 17 68
0 -33 99 -67 99
-83 -77 -16 25 -18
22 -47 11 -90 -84
b
-80 53 80 25 -41
-47 23 -5 13 98
49 89 -48 0 52
-9 21 -32 -93 24
-65 -29 8 -82 88
b
72 -43 52 -88 54
58 -10 -66 -77 -35
45 94 -32 -37 9
-9 -61 -63 -10 66
-38 -68 -42 0 -7
b
95 -18 -82 -3 46
18 89 70 -53 69
-47 68 34 39 -58
67 2 36 46 7
25 99 -85 -35 -83
b
-19 -94 -36 -80 -72
-41 70 72 -81 43
-57 66 57 78 40
-70 -29 54 2 86
-17 -86 -64 -10 47
b
72 -10 -25 -83 43
83 -57 -99 -16 -76
-95 38 -17 -37 -97
50 94 -27 -26 -7
-71 -20 -37 -73 -88
b
-100 -8 -60 31 28
90 -11 3 49 -79
-37 55 -51 13 29
-66 -11 60 -22 -18
-26 61 -77 98 8
b
84 81 -50 -85 37
13 -49 53 -83 -11
22 24 61 -57 36
-34 -56 64 -64 52
66 82 -85 -45 -55
b
-44 16 77 -87 -84
99 21 42 18 -62
65 8 -40 -18 -91
61 79 56 77 49
93 93 -60 -62 49
b
-81 92 -48 -6 4
55 64 1 78 -37
-50 -38 -71 -5 -46
70 46 77 -32 -57
12 -13 -40 -4 86
b
46 30 62 9 21
81 97 39 88 7
-53 -22 -38 8 86
50 12 -16 25 47
-86 33 -4 80 -93
b
35 41 -44 70 44
74 16 69 22 -31
-74 29 -1 95 -49
-16 89 -26 51 59
-52 4 38 -75 -9
b
-52 -57 -100 14 76
-81 71 63 -42 15
41 69 98 14 23
-78 47 31 73 78
-1 -82 -66 84 67
b
26 74 13 -52 17
-34 62 74 -80 -52
3 -66 26 89 22
2 57 49 -48 67
-85 87 -69 73 -15
b
17 -3 43 -62 83
92 -45 -71 -69 19
-69 59 -41 14 31
72 -73 -62 -43 -34
-17 -1 -39 49 2
b
2 44 77 -95 90
65 -39 60 53 60
-45 53 -13 -32 -70
-27 77 -72 -95 -7
-60 50 -79 15 21
b
17 -68 1 57 -95
77 37 46 54 87
-84 -98 -64 -63 -82
-82 43 1 -27 -63
84 89 -80 97 -100
b
22 -22 -24 -70 -60
63 -54 -55 18 -13
76 -93 31 93 -99
41 85 -55 10 79
-91 -86 -98 26 59
b
17 14 66 -24 -68
-17 43 -95 40 35
-89 27 82 90 -73
-54 -46 68 -26 -76
-30 77 2 -82 13
b
-55 0 36 -93 33
37 -83 80 66 -46
78 86 -46 -52 -97
-23 -95 37 -11 -43
-79 -38 34 75 -86
b
-52 -19 -85 99 6
-61 54 44 -33 58
-2 12 82 89 -4
75 -55 62 82 98
-69 -51 -7 58 -98
b
-17 -4 -17 89 -31
-41 49 73 -81 -86
77 47 11 -84 -56
28 81 46 -55 -53
29 -16 57 -31 -47
b
-27 46 -56 -12 -26
-62 -46 74 -44 -16
33 -79 -60 -40 -15
97 44 -56 96 -75
-85 -47 -27 -82 -60
b
76 0 10 -51 26
-90 -46 -60 4 -47
52 27 67 11 31
-18 -51 95 97 46
82 2 8 -63 44
b
-3 -4 3 17 70
-54 11 39 9 63
-38 -92 -27 39 43
6 57 17 -17 -4
-24 30 48 77 -92
b
-65 -41 -92 16 -48
-14 -22 88 -37 -83
9 -95 -4 -3 -51
-13 50 88 13 52
-50 4 68 61 -24
b
18 -55 30 89 61
92 -85 16 54 53
-22 -31 90 -97 21
60 -56 -39 41 19
81 -99 -46 94 -33
b
86 -18 40 -95 -7
47 34 42 55 28
-72 36 29 -69 9
92 75 52 22 -41
-61 -82 -49 1 -20
b
5 -4 11 -44 -51
23 41 -85 47 -7
-41 -30 37 10 -84
50 55 55 -52 -27
-75 -13 -34 -7 -85
b
-66 92 4 95 75
-1 -73 1 11 -25
-81 -91 -58 0 81
1 79 -52 1 77
21 3 -84 -39 7
b
13 -33 -11 9 -61
-48 98 42 -95 20
79 -16 -7 -63 -40
-52 42 7 -17 -51
-66 -52 13 71 -43
b
6 -92 34 48 -27
-88 -24 -53 -46 33
48 97 33 -97 -7
25 -5 -27 57 -21
52 -89 5 -6 -15
b
83 2 -81 48 -79
11 -99 -97 -2 -55
-85 -82 22 84 82
-95 56 5 56 78
20 -22 33 -50 40
b
20 -44 -21 2 29
60 -27 -54 -5 -69
-17 59 63 -21 -63
-59 -56 -36 -43 55
-78 -99 -9 -86 25
b
-96 -14 -47 93 80
0 16 -72 63 -46
86 95 43 -92 74
-66 99 41 93 -7
71 -28 -27 -53 -97
b
-15 -21 -54 88 -50
61 13 86 -13 97
78 73 31 9 -72
91 4 -3 82 -35
97 -44 -15 -66 -5
b
25 -62 65 -69 -17
-68 23 15 -71 82
-73 56 71 -70 4
-46 -39 57 75 -59
50 -34 13 -90 5
b
55 80 -40 45 6
98 17 52 16 -35
68 9 35 -52 -42
-55 -26 69 11 50
-52 72 -55 -50 90
b
-6 -93 4 84 -90
17 36 -28 -49 -12
21 3 -21 -24 57
-22 -30 18 -31 17
62 -43 -53 21 -75
b
99 -43 32 71 53
39 44 3 3 26
-20 13 -54 -58 8
8 -31 -26 -37 40
-34 -77 -36 8 78
b
-88 70 25 7 22
-97 -19 43 -26 -20
-45 -60 70 -94 62
-95 -1 98 -29 -31
14 -26 -10 -9 -80
b
-81 77 7 -80 69
51 95 58 -66 -92
-73 -16 96 -60 -96
63 -67 -35 -48 -67
84 -15 -23 -99 73
b
18 -95 -19 -48 85
14 -26 -9 77 -84
64 78 31 21 -15
-71 2 21 -51 21
29 41 70 89 44
b
-40 53 -1 -11 17
-50 40 78 -39 -17
93 -54 -75 -39 -82
28 47 -45 33 -70
25 81 17 54 -37
b
26 -57 86 65 46
23 73 -5 72 68
-89 -64 -21 -73 -55
90 37 -74 52 25
94 -30 -75 12 -96
b
-72 18 67 64 23
98 -80 -84 94 50
19 -19 -73 -24 7
-76 69 61 -45 -35
86 -46 28 -82 86
b
36 75 -96 -82 -15
28 20 73 56 22
13 20 87 -91 69
46 -49 39 92 -77
28 90 69 72 -17
b
28 -48 52 -1 98
43 3 2 -100 -40
22 -73 0 -19 -46
94 -65 74 1 43
-83 -54 -58 52 -76
b
-66 -71 39 80 18
40 -22 0 -32 56
24 75 -55 -46 66
-17 5 -69 60 61
79 -38 50 -54 78
b
-68 69 19 40 -77
-41 -54 86 -42 9
-25 -61 -83 -58 62
-35 17 6 67 -12
-73 -48 -38 71 25
b
83 -53 40 -55 54
27 -10 -75 -7 97
76 -91 -14 89 -61
-24 -22 0 65 -87
-72 48 -58 -61 8
b
82 -47 -65 71 43
69 -60 48 -22 -47
-58 -32 -98 -1 -36
26 43 -93 70 -60
42 -56 -80 68 -30
b
-95 61 30 34 -61
-67 -17 48 -60 -35
23 63 -26 -60 94
82 -31 -35 -5 93
68 -72 71 72 54
b
-89 -43 -35 38 -7
97 80 -69 80 93
91 29 -13 -84 -62
42 -64 97 -97 40
60 72 -98 34 -64
b
-44 7 -72 -65 30
7 59 69 -27 -28
-73 -19 90 -39 61
51 -87 -58 31 -23
-44 -56 -82 45 61
b
-3 80 83 -37 11
31 -92 83 19 59
40 94 -99 -35 -54
-63 61 -6 -41 98
55 -17 64 23 -94
b
3 -10 14 67 43
8 9 26 -54 -99
-4 46 54 -71 -83
-85 -61 42 58 85
36 52 -45 -65 76
b
-60 -80 66 -61 41
-56 61 -9 53 -90
13 -27 25 44 35
-22 73 -29 -78 47
26 37 87 73 -9
b
4 64 -70 90 24
-65 -98 -71 -50 -41
-6 22 -32 11 95
-63 -95 27 -33 29
12 60 25 -58 -95
b
27 -40 7 -70 47
2 -7 -20 -33 1
73 -46 25 7 0
38 -78 -71 -89 42
14 -52 -80 -59 -46
b
-29 -51 53 60 86
11 -87 66 0 2
-61 54 -10 -14 34
-46 5 -72 -84 43
90 -60 -38 39 41
b
18 -4 77 -18 -65
74 73 78 -65 -34
-23 -54 26 46 27
51 -19 80 -2 -17
-81 21 -73 -26 -31
b
-67 13 -88 -6 15
-74 67 -39 -87 21
22 -86 -77 14 75
4 7 49 -73 -9
-83 22 84 -9 30
b
-61 -47 -83 -40 25
2 62 -42 10 12
-59 -72 42 -84 -32
-83 56 67 8 -82
55 -5 -41 -77 71
b
7 81 51 -47 69
54 42 37 -67 53
1 -18 44 -67 75
-9 82 -7 35 44
60 -69 -42 -33 -49
b
-96 71 13 21 -62
-42 -81 -17 -81 36
39 -9 50 -63 -14
66 -46 -40 -37 86
-24 -64 -95 -85 -44
b
74 -66 92 3 72
-87 -93 -30 -27 10
-33 92 -69 78 38
35 65 41 30 26
-10 -61 82 65 71
b
97 -37 -74 -6 -60
-86 -19 -41 58 13
-76 -64 98 -29 -75
10 -45 94 -71 31
-98 16 74 -18 -15
b
34 2 88 -13 58
-59 47 -65 51 -45
34 51 -25 -53 -84
-74 11 -21 -68 -66
-60 -94 -27 41 -11
b
-97 75 -30 -68 52
-43 69 80 37 13
21 79 12 -98 -3
-88 64 20 51 -74
-81 48 -32 89 -86
b
-41 -48 -28 55 92
-66 18 43 80 37
-33 -73 -85 -89 35
56 -16 -60 -32 35
90 -5 84 25 -72
b
66 -62 93 -62 80
-30 75 -83 -82 93
-56 57 57 93 3
-85 74 15 -83 -56
-60 16 -56 -98 -88
b
-99 65 -64 -74 -14
77 -80 76 2 97
-88 -8 93 -25 -37
-66 34 -23 -84 18
29 -29 -78 -49 1
b
39 48 45 72 75
-43 -85 28 -54 29
11 12 64 -52 61
52 -84 43 -76 80
49 97 59 46 93
b
96 -86 81 -82 57
39 15 -20 34 98
9 -22 -18 -21 -57
-99 -16 43 -30 -26
12 -49 -75 -44 -99
b
-99 62 -9 22 62
15 -85 -50 -89 35
-2 41 -12 -93 99
-54 -66 60 86 -24
55 -46 -51 -96 1
b
-61 42 67 -99 -29
60 -69 -22 11 -8
12 -24 -88 -19 61
-94 -47 23 42 72
59 -81 79 68 4
b
-99 -72 77 3 1
-33 82 78 -72 59
-60 -31 63 5 -5
-41 3 -38 -19 52
-16 41 -21 -81 -68
b
-55 3 -7 -11 -60
-51 -54 33 -53 31
-5 -92 -88 87 95
-86 -95 54 -97 70
10 29 1 -83 -15
b
-28 15 -18 -86 -56
35 -98 97 9 -39
93 -29 -43 90 -5
24 -25 99 11 -4
-80 9 1 -32 -22
b
75 12 -80 -57 -91
-32 68 -37 58 -30
29 -94 81 -39 -69
96 -42 -10 50 22
51 28 90 31 -82
b
-68 -97 -16 89 15
20 24 -69 -59 -93
89 -60 98 -37 59
98 3 65 55 88
18 84 1 68 99
b
66 60 67 16 8
19 -50 -77 -26 -78
-24 -88 77 1 26
-68 -98 -33 -56 -80
28 -18 -22 0 95
b
-62 58 47 -66 20
88 -2 41 -71 77
-31 -10 -98 -35 83
91 -30 43 30 80
85 79 96 -90 -28
b
49 -62 -34 -13 29
33 -23 82 22 97
71 -71 -38 -19 36
25 69 -57 -73 -23
46 -63 -76 30 -83
b
66 -50 -91 53 46
68 12 46 34 -5
-28 76 65 73 -20
28 89 -95 13 93
98 55 5 -42 31
b
36 80 74 -83 56
-85 11 -94 8 -24
95 -15 84 -90 -80
-100 50 -33 -16 -21
70 -36 55 84 -9
b
41 -69 -49 76 -82
-52 -9 60 -72 56
23 57 -47 -43 -87
-26 7 94 84 -11
-19 18 -32 -12 14
b
-66 -52 81 72 -21
89 57 -82 91 89
90 86 3 31 -88
-45 37 -25 57 -45
18 53 -31 -97 -38
b
16 -31 -49 45 -82
-73 21 39 24 99
65 -5 8 88 -16
68 89 36 -64 -10
12 -90 -64 76 -38
b
71 14 -12 -35 5
-16 61 52 60 80
83 -39 96 10 -50
-15 67 26 -42 -15
-24 50 -12 -100 96
b
-66 6 -76 22 -2
31 -83 -48 -12 84
-33 -63 -13 80 -84
-84 -67 -79 78 -50
-68 67 48 -37 -98
b
43 50 -81 51 73
-26 -93 42 5 -61
19 -51 22 16 68
34 -62 -38 -16 68
74 -82 -66 4 30
b
-68 -95 74 -18 -44
-66 70 -75 -63 52
98 82 73 -59 0
-20 87 42 -80 -87
-82 16 76 23 50
b
-48 -29 -47 16 -91
0 -64 16 -44 -97
73 -19 -91 -35 26
-53 0 -20 56 -21
-46 -56 50 0 53
b
64 49 49 5 -4
87 -61 75 29 3
94 -89 -24 -78 29
33 -4 -36 -31 -87
79 -56 49 46 63
b
9 8 -26 50 9
87 48 -54 57 -65
78 -20 -56 45 93
73 -11 -55 94 -46
10 72 -57 -75 -47
b
38 62 -4 -50 69
-15 -55 -33 27 15
69 10 -90 32 68
-95 75 98 -22 14
-45 -91 -50 19 -68
b
-3 28 -24 -93 31
80 73 -30 64 -8
95 41 82 -77 -62
69 -29 89 -55 -7
-8 23 -5 -75 -60
b
-3 51 59 -29 -1
63 9 39 0 81
-2 15 -80 99 83
-79 48 -17 2 -38
-50 -97 88 97 9
b
36 -97 -3 68 -17
53 -32 78 68 30
91 -79 -4 -89 -45
71 -90 15 41 -68
-48 81 -72 67 -17
b
99 -68 81 93 1
-53 -34 -38 64 32
-92 47 66 51 -28
-60 93 33 -86 -75
30 -95 27 -62 15
b
-70 60 24 7 76
-21 49 39 22 -97
16 -13 60 -44 15
81 0 73 -72 -50
-5 28 -56 35 30
b
66 62 73 84 49
-2 68 85 33 -96
4 -60 86 -15 -69
38 86 80 -66 47
-80 -13 -23 -71 -10
b
39 -100 44 89 7
98 -48 52 -38 76
-83 79 99 -29 -32
-14 31 45 53 25
14 91 -34 91 -69
b
26 -6 -57 20 96
-57 52 68 -60 -87
-61 43 86 52 60
-34 66 -26 -53 59
-80 88 11 75 -24
b
64 59 92 -81 17
50 -27 -21 85 67
69 -77 -16 90 -47
-67 -43 -17 41 53
-9 -53 35 -32 -51
b
40 50 -13 63 40
-90 72 -66 -43 -52
-24 6 -96 81 -72
31 58 86 5 -39
33 85 -51 -28 20
b
57 -21 65 -69 -53
-76 -64 -8 18 94
7 -8 65 43 93
19 11 48 14 -84
-28 28 -16 90 -24
b
56 74 23 69 -88
79 72 79 98 19
75 24 45 -10 -97
-46 21 14 73 97
37 -96 -88 -11 56
b
58 -65 81 84 39
12 14 60 -21 -97
19 -80 35 67 31
-15 -85 50 -52 0
24 -72 -94 69 78
b
-88 19 58 72 -59
-68 10 -85 -16 -79
-59 -17 91 66 46
64 -23 36 -78 45
-72 63 -11 75 -47
b
-3 -94 -10 29 -31
86 80 -57 46 38
-43 45 -22 -54 12
-15 85 -39 42 89
-58 17 20 -65 71
b
-45 -72 94 -90 -1
-45 -31 -22 66 86
65 49 85 -20 -32
-63 3 -13 -97 -33
45 -97 -86 -92 72
b
-51 99 -8 -28 97
-34 18 39 1 45
33 66 90 -62 -21
80 94 77 38 13
-73 68 -52 9 -31
b
40 43 -48 -52 42
-63 49 15 11 -58
58 45 -59 -51 88
-2 -53 41 25 26
93 65 28 -60 55
b
-14 52 20 97 -67
24 -62 96 -60 91
-20 53 23 -97 -53
32 52 -54 44 -35
15 -83 77 95 -87
b
87 -94 25 -81 -88
-2 43 40 28 45
61 -19 13 -24 90
-37 -34 -54 33 42
2 -90 -38 -43 -55
b
28 44 -21 -37 74
40 -12 -28 9 74
-29 -66 -45 33 -14
94 -98 25 61 49
-51 -90 -94 55 -57
b
-15 92 1 82 75
-40 81 4 6 -31
90 17 -29 -24 60
73 12 18 -91 -28
9 57 91 95 20
b
40 -53 -94 -75 -20
-49 94 48 -61 71
-47 8 30 -29 20
-22 54 -1 31 65
38 -58 5 25 -68
b
-11 11 99 99 -66
-36 94 -64 88 10
-78 35 87 -70 95
-88 -68 99 76 33
-46 -34 74 -5 -60
b
-64 91 28 -56 -35
79 52 76 -31 26
-73 -100 -10 83 -19
97 -25 -7 -33 71
-34 41 -8 48 -71
b
13 69 59 -84 17
-71 -77 81 -44 -45
56 77 14 85 -92
-5 -37 -32 -9 41
99 -1 80 -89 94
b
-74 65 13 -100 -92
-32 46 -80 -92 44
-44 -55 -35 -18 70
-55 -94 -83 31 -9
2 -61 -77 63 -5
b
2 90 97 4 78
56 -26 68 76 -39
-83 88 23 -7 85
46 58 95 83 12
-29 -86 65 83 0
b
70 61 6 -59 -97
84 -74 -25 -58 -48
44 29 35 -8 -56
44 50 0 46 -87
-84 82 -99 37 21
b
15 70 58 86 36
88 -12 -4 -82 25
-27 -22 -92 -94 99
-56 -4 -18 -17 -11
22 74 92 -35 19
b
-23 26 44 -5 7
78 39 -97 28 -22
31 40 -94 -70 32
-7 86 -32 29 -10
48 81 -41 14 -44
b
-13 -72 58 29 -93
-27 27 -92 13 -8
38 -70 -73 -7 -35
-89 21 -88 98 78
61 24 -11 -73 86
b
-50 85 -2 -82 53
76 91 43 -66 66
62 -94 35 48 -100
22 1 -34 8 80
51 -38 83 59 -61
b
-96 44 -94 -38 0
-47 56 93 -74 -25
94 -10 26 62 -71
-30 -45 -54 -100 8
28 58 71 10 -86
b
97 17 -94 -22 95
-92 87 -83 -90 -27
10 -12 -69 -17 -98
-32 -41 -47 -33 -11
-55 -34 84 -33 15
b
77 -24 55 -12 86
-34 -88 48 42 -26
16 -2 -49 82 61
-10 76 33 -86 -56
-6 61 -43 1 -28
b
-29 -35 -12 -44 25
48 72 -85 -48 -82
96 3 27 15 -36
-100 -38 -85 -67 -61
4 9 -7 72 -50
b
-78 8 65 -81 -61
41 -50 0 14 -25
56 0 -59 55 76
88 -98 -7 -31 33
98 66 3 -70 26
b
-94 -93 20 80 -85
-27 -90 27 -8 7
-52 -65 6 -34 29
74 62 -26 -40 -72
-26 -22 -68 81 -26
b
-92 -10 -84 -54 64
74 64 -50 -8 61
-36 -81 -10 10 54
-84 -15 -60 37 -44
47 -65 91 14 0
b
71 -69 -65 55 7
-21 -52 -55 -33 28
-41 -63 -15 -94 -50
-25 18 77 -48 50
83 -17 -39 26 17
b
-88 78 -71 -79 -21
88 -47 -7 5 26
50 -81 -83 -58 12
89 -27 80 -50 1
1 31 60 -14 22
b
13 78 -100 -31 91
-62 18 -16 63 13
35 -16 66 4 34
-86 -61 93 -45 -83
78 10 22 -41 -45
b
-41 -15 30 -48 -47
-17 89 -36 -52 -50
-9 66 25 -59 82
88 51 -16 93 46
50 -100 45 -74 3
b
-41 30 43 39 81
42 87 -9 -8 -81
-83 38 -17 -20 -95
-10 -84 -79 86 -84
-51 -73 -9 25 52
b
72 -57 21 6 -62
12 -11 -39 -14 -1
-55 23 83 6 -5
-14 99 67 80 -62
-47 -21 21 85 -12
b
64 -38 51 -79 -59
-43 88 -18 -17 -80
23 -20 -10 15 -78
-54 -83 70 -55 88
-42 -70 -72 -79 -72
b
-4 -97 -94 -87 19
10 -86 17 6 -23
47 4 -68 -45 33
72 -44 10 -96 97
42 -37 -46 35 10
b
23 85 1 48 56
95 57 29 -64 -36
15 -98 -71 -75 19
62 9 -81 -60 -8
16 60 21 -12 12
b
99 3 -63 -60 -49
83 24 81 -94 33
-77 72 -24 -72 -30
60 -42 28 41 -60
-1 -45 22 32 -76
b
20 -40 2 23 0
-48 -83 -78 -27 -9
-92 -2 5 23 -58
21 97 -89 -88 -5
20 37 -75 26 -94
b
55 63 -42 -93 -71
-25 -3 -60 -16 -65
-1 1 86 60 25
12 -64 15 10 -63
-23 -82 -85 -65 -35
b
-79 47 34 57 -83
-44 -70 98 -60 97
53 -44 40 -2 98
-59 26 36 -77 -90
-92 -43 75 -10 3
b
54 4 -83 -21 -82
72 13 99 7 29
-13 67 -23 -16 57
-81 -70 -63 1 -81
44 66 -87 59 33
b
-31 90 64 32 15
42 95 82 24 -69
4 2 -66 40 89
-71 74 -76 47 37
97 40 95 -65 -44
b
-7 -1 76 48 93
-59 67 72 -22 77
-97 11 8 9 -2
-99 20 89 -84 -96
-55 22 -42 -9 99
b
-47 -99 -80 96 13
-11 -18 -91 -74 15
-11 -15 -100 85 91
-17 -94 52 -32 -21
66 -2 -49 -87 66
b
-99 -70 33 -43 -50
-55 -83 -73 -87 8
53 22 45 -39 53
-88 -15 -46 37 14
-39 88 28 76 -63
b
-88 -25 9 72 -44
45 72 55 -67 79
-97 -76 14 -66 -92
-98 81 46 77 2
-24 79 43 20 53
b
68 42 -10 -79 -36
1 -74 30 -1 57
77 89 59 -20 -49
56 -65 -65 25 -65
76 51 43 34 -50
b
53 -88 -26 -55 -52
55 36 -93 -44 -9
-27 70 -36 34 -59
-65 -38 49 93 -37
-56 -64 -35 -60 45
b
-20 -91 -36 -49 37
-78 -39 7 -47 53
68 -25 71 31 -4
-97 -14 11 23 71
81 35 -22 3 13
b
-45 95 -91 31 -62
-43 -69 -31 43 -72
21 -1 78 -27 42
-42 -88 6 25 -8
41 -61 -31 -17 4
b
9 47 -88 68 81
-74 28 74 -45 69
72 81 55 12 54
-42 83 -53 -75 -6
-22 35 -80 72 11
b
-14 -25 -42 31 -39
83 -88 -68 -85 31
-51 5 56 -32 54
-77 -18 -51 -12 -56
81 19 21 -14 83
b
97 -8 21 45 3
82 39 15 -31 -42
-21 -11 -7 -50 6
36 -44 -95 -66 32
-72 32 -60 -61 43
b
61 23 39 -18 34
-17 34 69 57 -3
-50 -38 -53 49 74
12 -56 -50 -24 95
21 -49 -40 -7 -7
b
11 8 -89 17 57
24 -47 81 7 -6
-75 -75 99 -17 -28
-19 -21 -15 9 90
43 75 59 -76 99
b
-92 -55 -98 -9 -9
-21 -74 -39 -75 -1
54 70 88 39 -91
-55 36 -27 52 -38
-45 -67 -16 -97 -99
b
-69 76 48 -91 -72
-65 -22 -69 43 -20
-29 26 32 -99 -89
-88 74 63 -77 -72
-1 -66 -15 25 72
b
69 46 0 -12 -56
-74 -23 75 -77 76
-26 15 19 10 19
-95 35 -75 -98 15
-60 31 76 -46 45
b
61 10 96 73 72
24 4 66 -27 97
-49 78 -72 94 60
80 -56 90 -42 99
32 94 -99 52 -45
b
63 80 -68 -48 -78
-60 -95 -25 29 -43
-13 60 -67 -93 -18
-10 -42 -80 -68 -7
-28 -99 -81 -2 32
b
40 -47 31 -40 -57
5 -73 86 -55 70
-74 93 -43 51 -35
92 61 88 28 26
28 -86 -19 -62 76
b
35 -73 -27 -83 -86
22 41 -64 -65 -38
-85 14 -70 -65 -81
66 24 52 -81 41
86 11 -93 -30 -90
b
-83 -5 98 40 -41
-28 -56 58 -48 67
98 24 -67 -65 -44
62 57 94 52 -6
94 15 54 9 68
b
75 -22 40 25 -52
13 -58 46 29 14
14 -64 -61 63 -63
-97 -15 84 14 -82
-11 52 -61 -49 8
b
74 -6 8 56 68
-75 -31 -55 88 -73
-68 -58 83 36 10
73 29 -57 31 -47
-3 24 -62 29 -60
b
-88 -50 45 67 -25
-72 -9 -45 57 56
66 2 55 0 -11
42 -59 -52 21 21
11 76 15 83 -79
b
-38 -68 61 -48 -72
-35 52 -72 -5 -79
0 2 -40 -51 46
88 -11 65 94 -4
-12 70 15 -24 82
b
-54 47 64 -91 -23
42 -51 45 -8 -85
-98 31 -79 -35 35
34 -55 5 -64 1
-100 -8 33 -94 -45
b
-66 -17 91 -47 -76
-2 76 42 97 50
-11 -9 30 -24 70
-85 -39 -72 -12 -82
-42 -14 -31 -41 -34
b
-50 -40 54 93 57
3 -9 -14 26 -67
-72 6 93 -21 96
-50 67 -86 8 99
59 -31 -78 -87 -22
b
-13 87 -82 76 45
-20 -60 -39 30 -41
48 -85 -6 -94 -77
-82 -37 24 48 39
50 -74 94 10 -28
b
85 82 -94 -94 69
41 10 32 -17 71
-5 99 -16 -49 -98
33 90 36 -11 2
61 4 8 -35 -42
b
-32 25 -36 -44 -14
20 -10 20 -98 6
78 77 -86 14 63
14 87 -80 92 67
24 -16 85 -92 -83
b
-57 24 36 -32 -2
-100 -36 43 24 -100
-21 -85 -88 -59 44
43 -71 -68 71 65
19 2 -71 99 -17
b
51 -99 26 47 81
99 -33 36 49 -73
-51 -14 50 -9 37
11 33 47 -35 -62
68 80 72 70 -72
b
84 35 -33 22 90
-36 -12 -91 46 -46
25 98 -31 28 22
67 -68 22 -49 22
58 -55 21 -42 33
b
-59 97 -93 73 -55
21 -98 -72 -43 -98
-1 70 -86 55 -45
24 -18 20 94 -30
26 -50 -44 -90 51
b
27 -64 -4 57 85
83 -47 49 -61 -13
-38 7 -81 -59 -15
-31 -98 12 39 64
44 -45 -33 -49 52
b
93 78 -75 49 -36
-36 91 -20 49 -20
17 41 18 44 9
-80 64 -23 -4 -32
5 26 68 99 -66
b
-28 29 -9 -92 17
-34 79 21 98 -13
-35 3 -6 31 -72
17 27 87 45 -41
-65 -95 45 -35 -97
b
-48 93 -41 72 -77
92 14 80 -78 -84
33 -46 10 -67 -74
82 -64 22 -49 93
-81 77 -5 -98 -76
b
-50 24 -28 39 -18
65 -59 47 56 -39
97 -12 -5 83 31
-49 94 -28 19 -42
73 -29 -70 -10 -31
b
31 -99 74 21 -35
88 94 -32 49 23
28 68 76 -25 -82
6 19 -87 -31 -95
65 6 -5 40 -63
b
-63 17 -59 -40 -77
-79 -91 -8 36 87
43 -61 -46 -83 64
81 -83 92 -8 -11
-10 -45 75 -27 -37
b
41 67 30 97 49
31 -17 -74 23 69
86 55 92 -50 27
88 -25 -93 86 96
79 -43 2 20 24
b
66 -85 33 8 8
-44 -35 44 38 69
-51 -7 64 -15 87
-13 61 2 84 -10
81 -36 -40 -5 -31
b
-13 -64 -87 -56 -51
-28 -30 93 -65 20
-92 -73 78 -74 76
-47 79 91 -67 11
66 -80 -64 -10 -74
b
46 -97 99 -17 -27
49 92 -5 96 -34
27 19 42 57 35
75 -91 70 48 -65
-34 -14 -16 41 -24
b
17 -18 -35 37 -16
-30 53 65 -44 -60
-42 -11 -68 -68 87
-92 -92 39 -43 -49
41 27 -10 -19 84
b
33 80 45 -82 83
-33 19 76 -6 -1
75 78 73 -25 44
-80 89 -72 -74 -62
-18 56 -73 -99 80
b
-61 -87 -47 -22 -70
-100 47 34 -14 -78
27 38 63 -6 -84
-4 17 6 37 -73
17 -89 -64 -84 -47
b
94 25 14 31 -60
-70 61 -59 -63 89
91 -6 -39 52 11
75 6 -44 83 68
-27 -19 -45 56 40
b
-71 44 -27 -66 48
-35 -93 -6 -44 -34
9 77 -45 -42 -82
81 46 33 -65 -13
-13 97 -19 -19 0
b
-28 -77 -71 89 -17
94 -18 -4 10 -36
-47 -49 -94 56 40
30 -3 -97 25 72
-89 96 -98 -18 -7
b
-39 25 -83 -9 -85
32 -17 8 -65 61
62 -61 43 48 72
-5 -67 83 -28 94
64 -76 29 -37 89
b
4 -66 38 24 59
45 -37 -85 62 -19
-4 95 -76 19 8
-12 -25 -60 -13 -34
1 20 48 83 -63
b
-20 55 -22 86 61
-73 -32 40 13 12
-39 -91 56 -68 74
-72 74 78 40 21
-15 71 68 58 82
b
23 -43 -79 98 37
19 53 62 64 82
-91 -12 11 -87 -32
-30 73 55 -7 -78
-1 -89 -98 33 32
b
33 90 -89 -92 55
6 33 -89 25 9
84 61 -95 -36 -47
-43 95 64 62 95
-63 -71 78 0 71
b
-80 -63 87 -90 1
94 -67 86 -62 8
-1 -35 -78 -85 0
-8 -40 49 -72 56
87 -77 -71 53 58
b
-73 -67 -98 64 10
19 -65 77 71 4
40 22 -19 -26 94
22 -90 5 2 42
0 -21 70 -35 51
b
-26 24 40 -76 -32
-61 25 53 -97 -52
-23 -45 -94 65 70
-43 59 48 24 -86
4 60 51 91 92
b
3 -3 46 -63 -47
-83 38 89 -69 13
30 -29 25 -2 23
46 -42 -31 98 26
15 54 77 -39 -38
b
-23 -69 91 26 41
67 59 -31 33 -86
-68 -45 9 66 42
81 80 7 -84 69
54 27 46 -13 37
b
-58 -1 54 6 87
-12 98 82 17 6
48 -40 95 24 94
-51 65 60 63 -32
43 -50 8 49 -5
b
9 91 -63 -25 -80
57 -4 58 78 -86
-73 59 -97 92 36
-54 -54 -54 73 82
6 59 -6 -73 9
b
89 -23 -65 13 21
39 52 65 -71 -57
50 36 -97 5 67
79 5 -18 -61 -10
5 8 -56 -26 3
b
-52 -2 -23 -38 -60
4 30 0 -66 80
90 5 -84 -16 28
-76 -25 96 95 29
-69 -43 12 -13 -93
b
-16 -81 -25 -40 -44
66 -48 -10 -93 66
-60 49 3 -83 -55
-97 37 -3 -82 -89
86 82 -87 -50 95
b
66 46 24 88 49
17 72 -92 68 -24
2 12 97 -34 74
-90 68 -54 -6 7
-98 61 -71 -85 93
b
-84 -44 -88 -98 -28
-22 41 -57 49 89
-82 -52 68 91 -26
68 13 -2 89 71
-70 88 -42 10 -25
b
0 -69 -17 2 7
-76 -70 -80 36 72
-55 -100 78 73 -51
-80 49 -61 -14 27
-5 -88 -13 20 -75
b
-53 11 -91 56 -50
-39 -75 30 -86 -35
8 92 21 91 17
-92 68 -5 33 31
44 65 -24 36 -34
b
97 3 -90 -50 77
-53 -58 76 78 -54
-11 -71 -84 71 85
-98 -92 -93 4 -1
-87 -76 69 5 -41
b
7 1 -56 -70 29
76 33 -40 14 -4
-5 -98 8 26 49
38 -9 21 49 53
4 -17 -4 -12 -78
b
56 5 -27 -54 -2
-37 40 -28 -15 6
90 -73 3 -12 16
32 56 -65 -55 -52
-59 76 -63 -80 -30
b
-91 28 35 94 2
32 89 47 -37 43
-62 37 -7 -64 -36
73 45 54 77 -24
-56 79 -45 -13 10
b
-21 98 34 79 44
-98 -64 6 82 66
-25 -66 61 -31 14
-96 65 -45 58 43
-27 -76 19 -3 60
b
-35 64 -9 -16 92
-29 98 76 -50 -56
-28 -59 -39 32 72
-52 70 -72 69 44
62 -52 -17 20 29
b
61 -47 -46 4 -89
47 58 -58 -87 -52
43 -48 46 -4 -26
38 -18 90 33 75
57 41 41 80 -22
b
-21 88 29 92 -49
31 -18 9 -25 -24
-78 -52 -16 -76 72
-99 -59 -34 -40 62
-64 -27 74 12 49
b
-71 0 93 -100 -61
-48 85 -8 -70 -12
-51 -33 59 -56 -82
-50 11 -72 -2 29
38 42 20 67 -90
b
-86 -83 76 -36 8
25 -94 -21 -69 0
-94 83 2 -60 -26
98 -40 -55 -91 49
-89 34 -75 -60 -100
b
-53 -9 34 -73 -10
74 5 35 1 4
52 -12 81 -94 -10
-70 33 73 27 55
-49 -53 98 0 -68
b
-90 -14 78 -84 52
-95 5 -84 -51 22
-15 -56 -31 70 30
71 44 -42 6 -93
92 32 37 54 -24
b
98 97 78 44 -97
-95 94 -8 85 -56
-4 79 -67 8 -2
67 10 -45 64 67
1 -70 87 14 57
b
90 78 48 12 40
13 -42 -81 -18 -54
7 50 -70 -31 -55
20 8 7 -29 -96
74 29 -22 66 59
b
-27 68 56 -78 -44
5 19 97 7 -40
85 55 89 -2 -20
-9 51 14 -5 76
-43 53 -38 30 -12
b
-97 -77 38 -59 -55
-61 -78 -30 21 96
67 -31 -56 -84 33
-28 -1 40 -85 -56
94 -61 -68 -35 95
b
-93 -23 -16 66 -24
-1 -59 38 -85 -74
44 -51 -92 -14 -89
-25 31 -79 52 51
65 -50 74 -8 -6
b
-94 -88 -96 -80 36
-18 19 -57 -69 60
47 -75 32 86 -93
-74 -82 96 73 -66
20 -97 69 67 -89
b
10 -72 -45 -100 -22
31 -88 -7 54 33
-87 72 63 22 -95
-60 -96 -26 28 56
-79 -47 -42 47 -72
b
-44 -89 49 79 -93
-34 -83 56 62 22
17 -88 -33 -59 75
-83 -81 4 94 -92
8 -65 -13 -25 65
b
-56 -46 71 -57 -67
-98 -77 9 53 -61
11 3 99 -1 -4
35 13 36 72 77
-25 67 -72 -6 -81
b
76 -86 -88 64 -100
-52 -79 18 -55 -48
-17 -14 83 -13 -5
-42 37 53 -18 0
41 43 -23 28 63
b
87 17 67 -75 57
15 60 99 97 -64
73 -51 -69 -20 -67
-77 -89 -97 -45 46
62 -81 10 -70 40
b
94 13 27 82 88
51 -8 21 55 55
27 -5 -25 -11 -17
-39 87 98 -90 -33
-31 -13 -59 -15 33
b
-31 23 -67 57 65
-76 -29 44 -52 -16
10 25 88 4 -70
47 -81 44 -29 56
-6 59 -63 34 41
b
8 -55 36 -48 19
79 -74 70 -27 89
-14 2 7 -10 97
36 51 69 -33 71
-46 -53 -31 42 32
b
-48 78 -27 10 9
10 -100 -11 96 -53
92 -61 26 32 -8
-45 24 67 20 6
89 -43 -27 93 84
b
-12 10 -28 58 14
8 -84 -17 -18 -30
-84 95 -90 59 3
36 -12 31 -1 -36
-17 88 -97 23 95
b
66 61 18 73 81
25 -64 -63 72 40
47 25 84 -100 -99
-68 -20 13 72 96
28 -62 -43 -47 58
b
-43 -65 -74 -22 -20
-42 4 -100 28 -76
-30 10 24 18 -78
-45 23 -24 -20 -37
-1 -2 -6 -47 2
b
-86 -61 93 93 56
28 -27 87 -41 71
55 11 2 -11 -86
14 -10 11 -87 -81
-97 71 -56 -74 5
b
20 -89 92 23 13
-13 35 0 -70 -86
33 -42 -58 69 -75
73 77 -39 -53 30
-75 13 38 -4 56
b
39 28 -49 -11 -19
17 70 6 14 60
-99 69 42 -77 -69
57 -8 -17 -48 -98
-67 80 -93 -2 48
b
-20 41 70 86 19
69 57 58 86 63
57 -10 33 61 -79
2 99 42 -5 14
-91 92 -83 -26 -45
b
-82 -94 -88 -7 -95
24 86 81 32 41
-85 -52 -61 -12 20
58 -27 -32 8 -54
-5 25 -56 35 33
b
58 -21 -43 41 -43
-74 -67 -17 43 57
80 -2 80 28 65
-53 -32 -60 -81 -63
-85 95 93 -1 -60
b
79 77 -66 66 47
-2 30 47 -6 -55
27 -80 57 63 -82
12 31 -10 9 95
-46 -4 70 76 62
b
77 39 71 30 -96
41 -41 52 -84 25
33 -73 66 -77 -92
72 -78 -78 62 89
39 68 41 -30 5
b
75 -46 4 32 -54
87 40 -12 -56 99
-74 -59 57 -17 -56
-99 82 43 -52 -49
-13 61 -18 91 -53
b
-12 44 71 43 83
2 -85 -44 66 41
-36 44 -70 59 -75
94 -88 -31 -81 66
-64 -81 58 -22 65
b
65 24 59 -6 50
-86 -8 37 19 -48
-87 -3 95 -3 -5
80 -55 34 21 -9
-16 93 30 -1 -22
b
-46 99 -44 -84 47
-24 26 84 -72 13
86 -48 63 -67 59
-81 11 -89 -5 26
60 -17 15 -8 22
b
-12 -99 38 93 -55
64 64 -98 66 -40
25 -8 -14 27 46
-59 44 93 -19 88
12 -61 -92 10 51
b
76 -43 14 -80 42
2 -99 -41 50 -5
73 18 -99 -17 -91
12 87 -49 -84 99
49 -61 5 -12 -67
b
-68 48 29 85 1
-53 -49 8 -6 94
3 88 -81 -22 57
97 -26 87 90 49
-15 27 24 65 29
b
2 29 7 -21 -63
68 -98 39 76 49
3 -43 -74 -65 22
38 39 29 54 45
52 41 -92 -18 87
b
-2 53 -52 -98 -17
70 94 -80 63 -83
49 -92 -63 46 17
-45 -100 19 76 -96
5 10 31 79 45
b
81 27 -74 54 -50
-74 -49 67 -28 -91
-76 -78 -39 -66 76
20 -20 -33 -25 -12
-96 -34 0 -77 -65
b
49 -31 -55 -38 -52
43 -92 -92 -87 13
82 -11 36 78 -12
-79 -63 -57 -58 86
38 -87 -38 -8 43
b
-87 15 10 29 -70
-2 -48 -97 92 -8
16 -40 92 78 -79
-5 94 1 -58 46
26 -97 25 -50 16
b
82 -21 25 41 -100
-99 -34 -45 94 -48
98 9 -38 -77 54
59 -56 59 54 80
-96 48 62 13 -88
b
-37 8 -52 30 84
-77 60 -29 58 -84
49 -90 99 71 -72
92 19 90 30 32
45 8 94 86 -47
b
-78 16 50 -63 6
23 19 5 -68 -82
-35 98 58 35 -49
47 -82 52 74 -11
78 -36 51 -55 -37
b
97 69 -1 -38 -21
-62 -15 69 -41 94
85 20 24 21 -56
-84 -78 -81 95 -21
8 20 86 37 -55
b
67 38 -6 -54 76
1 14 7 -94 94
-54 -48 -75 41 14
-46 -10 -33 82 -70
-59 10 69 30 -70
b
38 -96 3 61 59
-51 -64 -92 62 -38
-83 0 -12 -28 66
67 66 57 -92 74
-46 -30 14 65 40
b
4 -3 -34 55 -10
-6 -80 -11 14 -67
51 43 62 42 2
-31 38 -91 -38 -17
-45 -16 98 10 38
b
-5 -82 49 47 -5
28 -15 -39 -48 -66
-48 34 -54 -33 90
47 -77 -22 -2 -96
-19 78 -10 -5 -39
b
19 -80 -20 88 -69
-60 -41 -14 -26 66
-77 91 -48 30 -82
41 15 0 -6 29
-21 -10 -20 13 58
b
84 38 95 25 -36
52 7 -59 65 -81
37 -56 77 -37 -63
-71 29 -7 -99 80
-2 34 17 11 -85
b
60 80 52 -55 -68
-48 67 54 41 -26
3 6 -99 -31 41
92 -38 -54 38 -32
32 64 94 -55 -82
b
-39 0 68 -33 85
-71 1 94 -32 45
85 87 -26 -9 -58
-54 66 -20 -74 -9
-88 30 -59 -98 49
b
-41 12 -48 39 45
50 -2 -36 -84 -84
39 95 -68 1 -54
26 -77 -7 66 -38
-77 51 89 -40 56
b
8 45 -60 -54 10
-6 64 77 40 84
-80 -34 -8 -59 -61
-43 -4 -30 50 -63
-53 49 -13 67 -47
b
25 -4 -65 38 57
-20 -73 86 56 -72
-86 25 -83 41 82
55 -29 -83 56 -16
67 46 13 63 64
b
-96 8 -97 19 16
23 34 22 66 -32
-69 65 97 13 -58
46 60 78 -74 23
28 -59 -2 -13 -54
b
12 59 37 31 -82
59 -9 -43 91 83
50 15 -64 -28 69
-58 9 -98 -18 20
66 -79 5 -76 47
b
30 -33 68 33 -55
-74 -21 78 -33 -40
71 76 96 2 95
81 -18 -86 61 69
82 61 -40 6 62
b
99 57 -62 -82 68
-23 -54 19 -58 34
-28 15 69 -30 39
-99 -60 5 9 -9
19 90 -29 -30 -20
b
78 60 86 -63 90
20 2 69 -91 55
48 -13 46 13 -72
42 -99 -82 -54 36
59 -97 -58 -2 -1
b
96 54 70 -32 -74
-79 -99 41 67 -57
27 14 -21 44 65
-53 8 -44 -100 63
35 50 5 -62 -25
b
-20 93 -42 -2 -47
81 74 12 -5 -75
16 36 -31 9 -85
-85 45 93 96 -84
65 72 -66 -63 78
b
-39 75 89 50 -24
-94 38 87 -71 84
5 -90 18 3 3
16 27 27 29 -94
91 -62 -12 -74 -66
b
57 -4 26 44 -25
-30 -67 -41 48 83
61 -81 73 93 -56
-46 63 -7 65 37
83 -42 14 -88 -11
b
-69 -45 -7 34 -81
-9 -46 62 51 -55
-86 -31 2 23 -79
95 82 -22 -86 96
37 -67 10 -13 57
b
-2 -3 91 -85 41
-59 -72 -53 79 -44
-59 93 -30 94 83
36 13 81 57 70
23 90 -58 84 -23
b
-53 75 -5 63 85
-47 -71 -12 -84 70
3 96 38 -52 -46
-25 76 99 45 -72
-20 5 -72 82 -21
b
-34 66 -8 -34 82
29 -99 -89 72 -48
50 87 -88 55 30
9 -2 -13 39 64
-37 66 87 -34 10
b
13 -45 -55 -34 -67
21 47 23 97 97
-8 92 25 -95 43
-64 27 -93 -25 57
-1 95 44 -62 -21
b
74 -78 90 61 -77
-97 -85 -75 -37 32
33 1 19 -94 -21
53 -8 -20 75 20
-74 62 54 -31 -79
b
-93 -22 26 42 21
-86 -86 73 19 93
-74 -89 -13 -47 -70
-35 25 -89 26 -21
1 27 42 59 -2
b
-81 -22 -34 -49 88
99 -86 -60 -93 -64
87 11 73 35 55
-49 44 -87 69 -67
20 -88 -16 -65 -71
b
41 85 84 65 -14
-14 -7 71 -75 46
-36 -58 -94 63 -9
13 -69 -20 20 82
54 -74 -46 -57 4
b
44 -29 -71 0 32
-27 79 65 -79 -76
6 20 70 43 91
-47 63 -28 -85 81
85 -7 -28 -11 27
b
-41 56 -99 54 -10
-1 13 -51 44 -97
75 -27 23 25 59
-17 32 44 -82 -3
-90 98 29 7 -83
b
-28 5 -41 15 89
-82 -5 -8 96 86
54 22 -72 78 32
-19 2 63 -72 14
87 72 -22 69 40
b
92 99 -66 -47 -68
-25 22 7 -72 -99
45 -30 -3 -24 -98
44 -21 70 -18 -73
94 -20 83 -84 -58
b
9 61 -30 -85 81
31 -59 23 16 -11
75 -77 79 95 -26
-3 -30 -100 54 -84
9 41 38 36 65
b
-86 34 13 -24 38
-83 39 52 -48 -56
-71 75 84 61 -46
97 12 -92 53 61
-67 -38 37 -100 -58
b
-85 -17 81 -84 -63
76 -61 71 -97 77
44 79 13 34 -38
-53 -93 26 -94 80
-59 1 36 37 79
b
98 83 78 79 69
-23 62 7 -100 -84
75 40 77 96 -13
-72 -96 59 51 29
1 85 68 -2 -52
b
25 -78 -2 -45 75
-30 35 68 61 -35
-7 -90 -23 -79 -20
-61 66 37 -82 -31
49 -46 58 44 16
b
36 -63 -3 7 94
-38 86 68 60 52
-1 -37 20 -96 80
-15 58 -25 74 83
42 -34 39 37 35
b
-30 60 -16 -98 92
-24 60 54 -60 61
-80 50 4 67 51
-9 0 -36 -16 31
-60 35 -30 -89 -51
b
-69 -21 -100 -22 80
-50 95 -95 67 13
19 -25 -66 96 -40
-90 92 41 2 77
-38 78 53 -11 -15
b
14 36 36 -18 -98
68 -45 -89 -45 37
-30 41 98 68 -88
-12 -44 -70 54 32
-32 -45 62 -12 -25
b
-55 8 -14 -19 -23
-20 23 -76 -96 -64
-60 25 -12 19 2
29 82 -70 76 96
-34 -93 7 -17 -44
b
-95 -47 -61 -8 -91
13 67 43 -11 1
17 60 75 47 17
-71 -89 -97 89 -26
21 90 -37 50 27
b
80 74 -18 36 -17
94 -87 -23 47 -80
23 45 73 85 -42
-97 31 -57 -84 10
-31 35 1 -24 34
b
87 -55 -33 -91 59
-9 68 -89 83 -10
-9 50 50 -54 -12
62 69 35 42 83
-28 -43 -70 -23 -22
b
-94 -73 41 23 36
-65 40 85 31 -11
35 -5 69 -1 28
58 -53 63 -27 -30
17 -94 92 -87 -15
b
-82 -11 82 -8 -98
-80 20 -19 -13 -33
-4 -71 45 80 -82
36 25 98 91 87
26 -9 30 28 26
b
-42 16 22 -100 35
-38 36 -30 4 41
48 60 25 5 2
49 82 -100 36 -29
-62 -27 38 12 -61
b
58 -50 97 -20 -89
-36 -20 34 -46 25
-67 58 -72 -55 -44
-36 8 75 52 36
-63 74 55 -15 -31
b
-57 -71 86 80 40
-64 65 -59 3 66
30 84 -58 53 -76
10 97 49 65 6
-77 -65 -1 -35 -53
b
-60 -13 53 87 -18
-93 32 -33 2 -52
-100 -62 70 -91 52
37 43 84 -63 22
-3 79 -59 -29 -100
b
16 -69 -30 -73 66
-70 -91 -34 53 14
35 -72 20 -16 -83
-46 45 42 -89 -29
53 1 66 -3 74
b
7 0 -85 -4 46
48 83 46 57 16
91 -18 4 -46 -45
96 -29 46 43 -59
-22 89 98 48 22
b
17 69 19 -68 -87
-50 61 12 11 -90
-93 45 43 -74 25
-30 -83 4 0 9
-6 -21 52 -60 -68
b
74 55 -82 -27 26
-56 -75 -74 38 44
92 16 21 -50 72
94 -31 5 -44 11
-63 28 -45 -70 -93
b
-45 -56 48 10 34
-69 73 35 -70 72
21 10 -49 -77 4
64 -26 41 -91 84
-88 84 -43 -21 82
b
-39 -60 -74 76 -58
80 -25 -2 -70 -85
35 58 -82 66 -30
-80 19 -53 75 -23
21 80 7 98 -82
b
-16 80 -88 -99 -12
-65 95 -94 -87 -17
27 10 -94 -6 57
-68 10 99 -96 -77
-3 20 83 -68 87
b
-65 -49 -36 -88 -12
14 39 64 -60 -27
-4 75 62 95 -82
-76 67 -1 -28 -46
-59 -20 -58 -41 34
b
36 18 29 -58 -41
87 -37 87 -93 -61
-45 11 -97 92 -42
-84 57 -49 -74 48
72 -16 -24 11 86
b
28 54 70 0 -62
-6 71 52 -22 -13
-41 20 -86 0 15
-21 -36 42 49 -70
-85 23 -47 94 92
b
-49 99 63 41 -17
25 39 -42 10 -27
30 -59 -21 20 39
59 72 -76 35 0
94 43 -65 60 -88
b
-16 81 -67 -65 -75
-3 -11 93 -71 -71
-60 40 -17 37 -67
-40 -15 84 82 -65
3 -18 35 -37 61
b
-17 73 -15 -37 -59
-96 67 3 31 63
53 95 53 -36 74
-79 -70 24 -51 -81
-66 74 -64 -11 92
b
-70 72 79 -97 67
89 -42 91 -7 -78
-31 75 -71 5 64
15 -33 -26 36 13
-90 83 87 -42 47
b
-71 35 -97 -55 48
-53 70 41 78 2
35 76 -70 -70 11
-56 44 97 88 45
-55 82 -71 60 73
b
-67 36 -93 24 16
2 45 -1 -94 18
-71 -4 51 50 -81
24 46 8 -97 -15
-72 -60 -29 -89 -48
b
98 50 -28 -5 17
32 12 -82 6 22
21 -58 71 39 -23
-97 52 -47 19 79
57 -46 89 -66 44
b
41 32 -29 -63 -20
-70 -4 -76 -8 -7
95 3 76 -65 -59
78 6 69 -74 -73
28 -60 65 -23 43
b
-45 17 -29 0 -62
76 48 64 46 -91
-16 35 -94 -23 -64
49 -16 -44 6 72
-49 53 -29 93 73
b
-48 -92 -85 -39 -49
96 -97 95 -81 -47
-30 -91 -37 20 -72
58 59 28 -93 1
-43 -55 0 -62 71
b
3 -79 -1 59 -56
61 -100 -73 96 -4
-95 1 11 -13 -24
42 -49 -58 -64 -76
23 -6 -45 82 37
b
4 12 85 11 -43
42 -12 -88 40 17
-33 -14 -8 73 71
-53 32 -76 -90 -79
75 43 -43 90 58
b
-17 8 -12 10 -61
-80 -35 85 48 -9
97 -44 -71 -22 -24
20 -66 28 -99 36
-11 -8 -40 92 -97
b
-33 26 -35 92 82
-90 -21 98 -93 15
-24 -39 23 -34 -68
49 -35 -83 57 -64
-89 52 -87 81 -54
b
-96 -73 -54 41 -64
9 86 -93 -5 -86
-91 -74 -37 -41 -94
-16 95 19 82 -50
60 -8 -57 -68 -20
b
34 -73 -85 75 76
-59 54 -71 -94 -30
0 90 65 -92 -37
-73 -11 39 82 -49
51 -45 -99 -93 -15
b
55 -34 73 71 -80
57 56 38 -7 36
-75 -16 48 42 42
98 73 -19 -1 25
-42 49 98 90 -2
b
91 88 46 65 53
-59 5 16 93 16
33 -42 -54 -75 -45
89 -52 -38 -32 -16
-92 -73 25 62 44
b
-15 12 8 -11 -42
-79 -23 2 9 44
26 68 76 99 4
78 -80 -43 -71 32
77 76 -73 58 -33
b
-70 2 24 -46 -38
-75 54 81 10 78
-46 66 -3 -53 16
97 -32 9 -54 -87
78 31 -82 52 21
b
-96 -3 -33 -88 -40
67 -30 68 46 -45
49 53 -14 91 -31
-89 -49 53 -29 -18
95 7 -52 65 55
b
66 -67 70 42 50
-83 84 74 -67 -47
-24 83 -88 51 -87
71 -22 86 -45 20
-74 89 11 54 69
b
3 -66 39 -22 -79
43 37 -94 -97 -84
-42 17 -90 76 -22
46 -48 -77 11 -15
8 -69 58 69 99
b
52 4 86 28 -15
37 82 84 -91 79
-39 -71 -93 83 28
25 -35 23 -91 98
84 93 -11 -43 43
b
-62 49 42 68 -32
81 98 -11 25 44
10 47 82 -52 -67
37 84 78 86 -16
-15 20 9 81 50
b
-70 9 -6 -77 -5
-23 -53 81 -36 32
-29 79 16 -64 92
-50 21 76 17 -83
56 25 43 -97 -14
b
97 52 -76 -50 -54
5 -99 95 53 -7
-57 56 -76 -90 -39
34 22 -46 -30 55
-83 -72 -58 54 -27
b
-61 31 88 41 49
-99 41 41 -96 -15
-68 42 26 -51 5
34 -11 99 54 -27
81 29 27 0 -39
b
76 43 -15 35 27
4 44 -40 -41 -18
44 -34 79 22 -15
-10 96 62 73 -80
-54 15 -19 -66 71
b
-92 -84 28 -28 -62
-95 89 86 20 -3
5 -47 73 -45 34
92 14 31 62 16
30 -17 -25 -51 63
b
-11 -99 11 -96 -44
87 11 90 14 -42
7 82 -91 20 -49
-21 -14 -5 -39 -25
43 10 -17 0 -50
b
20 21 56 -78 94
-48 62 59 63 -100
42 73 -82 86 -85
-46 83 74 -31 -13
-90 -87 -13 -40 -31
b
0 -61 -80 41 -98
-57 89 -71 -88 11
96 -72 -64 -62 -86
15 62 5 0 -12
99 62 32 -63 19
b
96 -52 -6 31 53
60 39 35 1 18
-44 74 -29 26 88
-32 76 -15 -83 35
-68 41 -78 58 91
b
-9 54 -61 35 -9
50 55 -30 81 75
98 68 -46 -19 39
-34 -12 -27 87 86
19 99 4 80 -90
b
-76 -28 81 -27 -10
-71 48 75 -84 -79
-85 -5 73 96 52
-44 12 37 0 -64
-39 -53 -55 -98 94
b
96 -21 33 43 -48
-52 3 -96 23 44
82 51 -31 48 46
65 -90 42 -28 13
-73 -42 46 -39 -44
b
33 41 55 -48 24
-9 -12 -75 -52 -95
67 -72 -34 39 94
36 -100 -78 -81 71
-15 -60 -18 57 -8
b
6 -79 -97 -62 33
28 62 76 27 -8
75 -24 -54 23 77
97 -12 -8 -93 -64
-33 69 20 -80 88
b
19 5 4 25 39
82 -71 39 -93 -70
-5 4 99 18 -4
-12 -22 1 -20 -78
-84 -17 -56 -4 88
b
-67 76 -99 88 63
-9 -64 -34 12 -44
67 -27 -83 -2 94
6 -48 18 -70 -93
-42 -44 41 45 55
b
-57 42 41 51 -92
-91 42 47 -12 69
-84 28 50 26 40
-48 94 -23 -35 -33
-19 -15 -15 -40 -88
b
25 24 41 -88 -48
29 -72 59 -5 25
2 39 -53 -94 -10
-18 63 19 -50 -89
81 -28 -27 30 -88
b
99 96 -13 54 -12
-5 53 16 -5 -53
0 -64 -36 17 28
-21 45 68 -63 93
66 20 30 -30 -3
b
-75 -34 91 54 -8
66 -28 -44 74 89
-46 -42 78 -61 23
-36 81 -97 53 -90
-7 -34 97 -23 -19
b
15 21 70 62 76
81 85 -35 83 -83
-51 -13 90 71 26
-11 -19 -27 -78 82
-93 -57 63 14 84
b
-88 27 -99 62 -54
79 73 83 -9 -96
-60 99 21 -10 63
95 -5 -1 97 -45
-36 86 -6 -43 -35
b
-2 -17 -51 -32 -63
-9 -19 78 -46 31
46 -21 51 41 14
74 60 -63 -14 -13
8 70 60 -39 -98
b
-83 -99 66 -60 -61
42 4 -91 76 -70
-71 90 -2 -75 56
-4 -53 16 -46 -89
-92 -80 38 -46 -24
b
-91 -22 -11 -94 62
25 57 -43 3 -97
47 35 93 -39 -18
90 -100 -90 -65 -71
-94 47 -50 6 -65
b
-14 -97 -14 -37 -100
-22 85 57 71 42
54 -93 54 46 77
-68 -27 -28 19 -12
61 -21 36 -65 62
b
-89 84 94 35 -6
47 34 44 65 -23
43 12 88 -39 -26
27 59 34 -65 -78
29 -81 35 -78 14
b
69 -14 -5 26 -51
62 -14 96 4 -38
-46 -5 -56 -98 -6
-23 40 -79 25 21
-4 53 34 -45 64
b
7 -46 2 -71 -55
58 81 -67 40 -82
69 90 1 -46 -50
-82 4 -23 61 -5
73 29 -43 56 31
b
84 -4 -97 18 -47
-51 -6 -8 -25 -30
-5 -13 -58 -96 -41
-63 -69 -39 -91 20
11 -61 83 -46 35
b
-47 -62 -65 79 -16
66 99 -18 58 30
41 89 88 -84 74
34 37 -85 70 -75
-23 23 -96 69 -91
b
69 -47 60 -15 15
12 -22 39 17 -52
52 -32 -64 81 -69
14 -31 -56 32 -24
-51 28 -63 89 70
b
-31 -93 70 -91 -69
-61 -100 -53 -69 86
-67 -27 54 -70 74
-5 99 86 65 -89
-50 56 29 -70 47
b
-84 -52 -27 34 82
-41 12 20 18 70
-5 -96 49 -43 74
88 -22 14 -86 -7
91 -64 -16 -24 -94
b
2 -9 46 44 92
-95 56 -78 25 -91
50 30 -96 -14 11
-2 -29 65 21 -22
-75 89 13 -83 -75
b
2 61 31 16 -50
-54 -16 -51 -36 -9
-85 -11 19 21 -26
89 13 -83 57 -44
-64 -96 7 -29 -65
b
21 99 -84 94 94
-39 -53 -7 60 84
83 15 97 -39 -24
-13 1 -72 19 -41
39 27 81 14 76
b
-88 -93 -50 86 15
95 88 48 -60 -73
46 -76 -14 -9 -15
67 31 -88 68 32
73 14 -38 75 -47
b
-8 57 31 58 98
44 -59 -7 -54 48
-62 30 1 42 1
30 85 -38 -77 -9
29 -79 56 -9 -24
b
-98 99 9 62 -3
24 -55 5 88 29
27 -87 -29 41 -54
5 -63 99 73 87
48 -52 -43 90 -3
b
-85 -29 45 -38 -38
28 -63 -5 -31 85
-25 -55 -79 1 8
-32 97 53 -100 -73
-93 41 -3 89 63
b
-64 -59 93 25 -83
34 40 23 23 -83
-37 15 30 -55 55
-80 91 90 -45 -7
97 -81 -71 -6 -3
b
-33 -73 94 -87 -20
74 28 -98 -6 -84
15 16 65 46 70
70 43 -20 64 15
9 56 -68 15 79
b
69 -66 -91 -19 -38
57 77 -95 8 58
93 82 -5 -20 62
-5 -65 -45 8 -75
-44 -94 43 2 -92
b
80 -94 43 -14 -85
-40 -36 -73 6 12
-33 -9 68 2 -55
45 78 -46 50 32
75 -93 95 49 -62
b
26 -51 51 -90 -46
75 -68 80 -37 -9
-93 52 27 -51 -71
-55 3 -12 -70 -10
-20 44 -61 6 10
b
-42 -60 4 -39 -31
-41 -18 32 53 0
47 -5 -21 -11 65
48 -56 78 -75 -12
-96 -98 31 26 45
b
-83 96 37 -29 -77
57 -90 -96 37 -64
-57 -16 98 59 -72
-98 5 66 -83 -92
-48 12 94 14 -18
b
94 75 56 -100 -73
-86 -59 83 -5 -12
34 91 -34 74 -14
-79 -63 89 -76 10
-100 -84 76 -84 81
b
-60 24 9 -34 -64
-9 -47 86 -15 -86
30 75 -24 -81 -3
75 -10 -25 -11 90
-57 37 92 96 80
b
-66 -37 31 86 -31
79 91 -79 -59 -55
14 12 -66 49 83
87 30 -4 38 18
-57 54 22 76 -12
b
77 32 99 66 -43
65 77 29 -83 -32
-46 -70 -78 26 2
-76 0 24 62 27
21 -19 -23 -64 47
b
38 -15 -24 -91 -97
64 -76 56 17 31
-29 32 -74 -72 -67
-72 53 -90 2 75
-20 -79 11 -57 -81
b
66 -90 80 -6 -34
-31 36 -34 69 12
-18 -75 42 -31 -83
48 3 -58 -78 -73
98 80 81 -75 -39
b
-3 -17 32 -38 -14
1 -32 47 -18 22
-36 -18 83 2 -82
-76 -36 -77 71 -29
-58 -12 -32 0 3
b
5 -69 25 62 55
0 -55 -4 28 89
53 40 4 -83 40
3 -91 -61 6 -20
-50 88 -2 46 48
b
-2 -18 -73 97 58
21 -12 -11 67 59
82 -95 -84 82 -98
52 18 37 -6 -61
74 62 -27 94 35
b
-24 -81 23 -63 52
75 -50 -9 27 29
86 81 76 -23 -21
-67 75 49 -100 28
-42 93 -74 33 59
b
79 55 46 -53 -90
-40 -20 39 40 20
42 30 10 37 67
-69 -3 17 -5 -19
-1 -62 -70 47 98
b
54 -50 -64 -43 78
-53 -95 44 6 48
-7 -82 -99 -88 -71
-70 -1 -37 45 -63
85 48 -32 -56 -12
b
-83 -34 -2 -41 48
-53 -82 21 64 -15
-92 -4 -78 -11 -83
41 32 92 80 -57
-67 -64 72 -64 -52
b
24 -8 57 -20 45
66 67 3 72 41
-67 2 28 -60 91
41 -41 -100 -29 1
61 94 -65 -76 -90
b
-97 -34 77 49 72
46 -54 -76 39 58
-84 -96 -11 -66 -11
9 5 72 49 -65
84 -46 -99 -65 -44
b
-31 28 89 -17 95
-97 -40 -30 -32 39
-37 -89 -47 96 -18
32 71 58 10 -21
-49 -96 -34 -99 95
b
73 83 83 -13 6
59 25 -59 25 36
83 -21 24 22 -43
-57 22 64 -62 41
-21 -2 -81 8 -11
b
-76 -3 -21 -10 -41
29 6 37 -19 -81
-27 81 35 -87 -35
-60 -93 -49 1 -37
85 72 -17 -51 -84
b
-89 -91 -55 39 7
68 13 -96 37 -55
-11 -67 89 -97 -66
-47 -71 61 -44 -46
58 -23 -44 -33 23
b
18 -38 30 -3 -22
90 -62 4 93 -77
-70 -70 32 22 -7
11 -78 -57 -67 -68
-87 -82 87 -71 -78
b
-28 -42 32 28 17
-99 -74 -59 89 75
-76 82 31 46 11
67 -12 -25 -68 -21
43 75 46 86 50
b
98 -25 -22 96 -76
75 66 -67 74 8
31 54 -7 62 -16
51 26 -77 31 82
0 63 -86 -61 -19
b
-10 16 40 -19 -3
-38 -69 71 95 7
-80 -95 -14 -15 82
-23 26 -100 -13 -58
-58 -49 -88 36 -89
b
38 -69 -70 -62 -57
13 11 78 -10 -26
76 -16 8 -79 60
82 -64 -35 -53 -67
47 -11 39 -64 -100
b
47 61 -54 81 -52
6 -66 96 0 14
-79 86 -98 -4 32
-58 -63 -89 8 -7
15 77 38 -45 32
b
-13 25 83 59 -24
17 -46 -72 -68 98
32 52 59 76 49
79 85 -57 2 -15
-11 97 -95 -9 40
b
-37 -79 -10 17 84
-37 29 -25 -43 -63
-12 52 38 -97 -50
-40 -67 -95 70 -26
-54 99 57 37 -75
b
-86 58 -56 -83 51
36 39 10 45 65
-16 74 -67 -55 -32
32 38 50 -53 16
-30 60 -93 77 -91
b
-75 59 8 49 41
28 -28 9 -18 8
-92 -57 -28 69 40
19 53 66 86 88
80 26 29 -61 72
b
66 45 -83 -40 -21
-12 1 -30 -75 45
-100 25 83 77 -83
-61 11 95 -32 -45
-68 49 -14 0 45
b
-52 93 87 43 -21
4 17 86 -45 -85
-98 -61 -71 19 -53
-14 -31 39 20 97
-52 -4 -84 -30 11
b
5 -89 81 -11 -5
44 -64 90 -56 -60
61 8 30 -26 32
-38 -7 -51 62 51
-57 -100 56 28 -91
b
-39 -34 -53 -97 -94
67 -38 -41 14 62
-40 -74 63 35 -39
3 -27 0 12 -60
57 -61 -2 38 22
b
64 10 -95 -15 15
85 -63 77 26 -97
-36 72 -53 -9 -66
84 23 97 -86 -71
63 7 -23 -85 26
b
-32 -98 -48 2 12
25 73 -6 -27 29
-5 71 -95 -84 -62
87 73 48 -16 9
-92 71 -77 -7 -53
b
55 -60 19 6 64
-80 49 -1 -13 19
-66 -11 -24 -13 65
38 29 62 21 -10
49 55 44 -42 90
b
-3 -77 -15 42 23
-88 -88 -8 68 80
7 -30 91 33 -98
-68 48 23 -62 34
25 64 40 -34 16
b
55 15 -10 34 6
-89 72 16 -78 -53
-7 -95 32 73 -38
-78 -70 -51 77 60
58 71 97 -55 17
b
35 78 -17 -5 70
-72 -74 28 2 -88
-96 80 98 -13 90
-28 90 21 -19 -83
-54 74 18 96 -44
b
33 -24 37 84 55
-82 31 79 11 62
-11 -73 73 54 75
-11 55 88 -49 -56
17 71 92 55 -39
b
60 -84 -52 66 -81
60 83 -15 67 91
72 91 41 97 24
96 87 -96 -49 -80
17 -63 -30 46 -97
b
-30 3 17 5 -91
47 91 -73 50 -30
-27 67 -30 -52 42
-88 99 68 57 -83
-6 38 65 67 -5
b
-1 92 79 -11 82
-66 15 92 6 32
-48 66 -19 -83 -14
-56 36 50 66 -69
-60 -95 -63 6 67
b
54 26 42 19 -21
96 -42 -41 46 74
-64 84 71 49 8
-28 36 11 -14 30
75 -95 -41 8 84
b
-43 40 -24 58 8
68 -43 -79 84 -22
6 -41 -72 -65 38
15 91 1 -11 -76
10 97 -18 -85 -52
b
24 59 -29 -38 40
22 11 42 -71 -80
-75 67 75 43 -53
25 -21 0 87 -54
-73 11 -98 76 -43
b
-71 57 73 -35 -87
-25 2 23 71 54
-99 -28 17 5 -42
46 -99 44 79 -28
-39 -39 -56 23 -30
b
-23 -39 72 80 -26
-77 88 -40 10 80
-3 -55 73 25 -62
-82 39 93 75 -90
-31 38 39 -7 69
b
86 64 56 59 49
-26 54 59 -28 81
-5 -99 26 59 14
71 21 36 45 80
80 25 -9 53 56
b
17 93 81 68 70
87 -30 -43 81 66
-11 -72 -77 -63 16
-10 -87 -52 -7 23
80 -59 -94 21 -86
b
49 -14 -67 11 33
-8 -40 -63 -6 82
-100 -88 -76 -98 -10
-20 -22 70 -28 -24
20 -60 60 89 73
b
-79 37 -48 -25 -71
-61 99 -16 13 84
-84 -14 -90 -55 95
-90 42 23 1 62
10 45 -88 -80 -37
b
16 -61 -86 -56 -61
87 -97 79 74 45
-45 71 76 37 39
-40 24 -84 -54 -23
82 -70 -98 93 -94
b
-66 80 32 -11 83
-62 -61 -37 99 80
-7 -44 -3 93 22
8 -100 6 99 -32
61 -73 -70 -9 -59
b
-55 98 30 -42 75
-84 0 83 -36 42
-99 -97 5 -48 -87
93 -9 30 -19 94
38 -87 -32 -8 -48
b
-3 12 41 73 90
12 8 -71 -18 19
74 -3 -47 29 -42
80 -48 54 20 -30
54 46 -84 -19 61
b
64 35 38 -60 97
34 14 82 19 21
79 -94 75 91 -78
-4 -36 92 -68 -30
-5 13 -94 77 -24
b
25 -32 82 35 -97
5 -11 11 48 17
81 43 76 78 -64
99 7 -59 50 -6
83 30 -77 -59 -58
b
-31 -56 -17 11 81
-27 70 1 -72 -74
85 16 -68 -21 -85
-48 40 -17 26 -33
-16 -8 -30 73 -62
b
-69 0 -39 96 -25
21 19 -26 -80 -99
81 56 44 -7 -26
15 -62 -17 -53 -19
-23 14 -63 -36 -5
b
11 17 -89 -21 48
47 21 17 -28 -73
-26 -6 2 27 82
-35 76 45 63 66
-38 23 -11 2 43
b
57 75 -37 49 -24
-71 -11 -97 -4 -73
-69 94 -45 -74 -93
32 -1 18 10 16
-10 12 68 -33 -76
b
-79 -27 31 68 22
-14 -26 4 -35 -39
57 5 -15 -71 24
89 -17 -79 -14 44
-22 86 -61 -51 80
b
-20 41 -77 -6 12
62 64 39 56 -97
-78 -26 -98 -71 -44
-46 -12 -17 2 26
-77 18 22 99 -22
b
82 9 2 42 36
-51 -72 -78 26 -64
-10 -21 -81 -83 -67
-23 -12 -96 10 9
-82 -42 -76 26 93
b
23 59 96 17 -19
-41 17 -36 -89 -10
-99 -79 -4 62 -90
-92 31 35 -46 74
-100 -77 20 -13 -99
b
-36 -5 80 15 -82
-29 -59 -27 84 -55
17 21 -71 -35 -69
-33 -10 -76 -33 -51
26 39 -55 -15 24
b
31 -55 33 46 -70
18 -34 88 -29 -34
65 92 -24 14 -32
2 97 84 24 8
-35 28 2 79 -92
b
18 -92 86 44 38
-39 -36 90 -40 -29
-77 43 44 69 21
41 19 70 -87 -21
-42 33 -34 6 -86
