b
0 0 5
-8 -6 -8
2 -3 0
b
2 -8 -4
-3 -4 2
8 -5 -3
b
-6 -8 -2
2 -2 -4
1 -6 6
b
8 8 1
5 4 8
6 8 7
b
-5 -9 -6
-2 -5 8
-2 3 -8
b
4 5 -6
-9 7 -3
3 3 8
b
5 -4 -8
-8 2 -4
-6 6 -4
b
-6 -8 -1
-9 -1 7
-5 3 1
b
-2 5 -1
4 -3 -7
-9 -4 6
b
-8 -5 -2
0 -6 -5
-3 -9 1
b
-9 5 -1
6 7 7
-8 8 -7
b
2 7 -3
-7 6 -9
6 5 4
b
5 -3 8
5 -5 5
6 -2 -9
b
-6 6 0
-7 0 -8
-9 -1 8
b
-6 -2 -6
0 4 -5
-4 -3 -6
b
-5 0 -6
0 7 -1
5 -6 -7
b
3 3 -1
1 5 -2
-8 4 -9
b
-5 7 -6
7 8 -8
4 -5 3
b
-7 -5 4
5 -1 -9
-4 -8 -4
b
0 6 -5
-5 -2 6
-3 -1 -8
b
1 4 8
5 -5 7
-6 3 5
b
5 -8 -7
2 1 -2
-3 6 -9
b
8 3 6
8 3 -6
-4 8 -1
b
-2 -4 1
-3 -4 6
-5 0 1
b
5 -5 7
8 1 7
4 2 -1
b
-3 5 -3
-6 -1 3
5 -9 -2
b
-8 4 6
0 5 -9
6 5 8
b
-5 -5 -2
-5 -9 2
1 1 7
b
-5 7 -6
-5 5 1
-8 -1 -7
b
-1 -8 -2
8 8 8
3 0 -3
b
6 2 8
-8 -3 4
-4 8 3
b
-5 0 7
-6 -7 -1
4 1 7
b
-8 -7 6
-6 8 -4
4 6 -4
b
-8 -8 -9
-4 1 -7
-2 1 7
b
2 8 3
-6 -4 6
-2 -2 6
b
3 -5 6
6 -9 5
-3 7 6
b
5 3 8
-5 -6 -2
0 1 6
b
-9 -5 0
-4 -9 -9
2 -2 -3
b
-7 1 -3
-1 -1 8
-6 -7 5
b
-8 -4 -3
-9 6 6
7 -5 8
b
-1 -6 -1
8 -3 2
-6 3 -4
b
-3 4 3
7 -7 0
6 8 -4
b
5 -2 -9
0 -1 -6
-5 -6 -8
b
-2 8 4
-8 -1 3
0 -2 -1
b
4 -6 6
-1 -1 2
-3 0 -8
b
-5 5 -2
-1 -8 -9
1 8 2
b
-8 -2 -2
-1 1 3
-6 -3 -5
b
-1 -1 -2
-1 5 0
-5 6 -4
b
-8 2 -4
0 -1 -8
8 7 4
b
1 -7 -8
-6 7 -6
0 4 -4
b
-3 2 -3
2 -4 -8
6 -9 4
b
3 3 -5
-3 -9 2
-4 5 -5
b
7 2 -2
-1 -5 0
-3 -2 7
b
8 -5 1
7 -4 -6
0 1 -7
b
-8 3 8
2 2 -7
3 -3 7
b
7 -3 0
7 -6 3
-6 -9 7
b
3 6 -7
-7 -7 -9
1 -3 8
b
4 7 3
-6 7 2
-4 -2 1
b
-9 -2 -3
6 -2 7
7 -4 -7
b
-6 6 0
-3 1 -4
0 -1 3
b
7 -5 2
2 1 -2
-1 4 -4
b
2 3 4
1 7 6
-5 8 -2
b
-8 -1 -9
1 0 1
-9 -3 1
b
-3 0 3
-2 0 -7
-7 -2 -2
b
8 -3 -1
3 8 -2
5 -3 0
b
-5 1 -6
-9 -4 -7
1 -8 8
b
3 -8 -5
4 7 4
-1 1 -6
b
8 2 6
2 -9 4
-2 -6 -1
b
8 -2 -5
-5 -6 -4
8 -1 -7
b
2 -4 -8
-5 0 -4
-1 -2 6
b
7 7 -8
-3 -8 3
-7 -7 -8
b
-5 4 -5
4 8 -5
-6 0 -2
b
-7 -9 8
-6 0 8
-6 3 5
b
-7 7 8
2 4 -4
-6 2 -2
b
2 0 1
-6 7 3
-2 4 -4
b
4 -7 -5
-7 8 4
4 -4 6
b
-9 -3 -4
4 4 -5
1 -5 1
b
0 -9 2
-4 -2 8
0 -5 -5
b
-5 -9 2
-3 8 -8
2 -8 -2
b
-7 0 -1
-1 -6 6
1 3 -5
b
-2 4 -5
-9 8 8
-9 -9 -9
b
1 7 -2
-1 -6 7
-6 8 3
b
-8 5 -6
8 0 1
2 8 -5
b
3 -5 7
4 -2 7
4 -3 1
b
-1 -9 5
3 7 -9
-9 -4 3
b
-5 -6 -4
6 -2 5
-4 -1 5
b
2 -4 3
-5 -5 1
5 -4 3
b
-6 6 8
-5 -7 -9
-5 -7 -5
b
-9 -8 -2
6 -3 -5
3 3 -4
b
5 -7 -9
5 -1 -2
-5 7 -6
b
0 -1 2
2 2 -7
7 -9 -5
b
6 -5 3
-2 -1 1
0 5 -3
b
-9 -7 2
5 -6 3
-4 -9 -3
b
1 -3 -8
6 2 3
8 -7 -1
b
-8 -2 -4
-2 4 -8
7 0 -3
b
2 4 7
7 7 -5
0 -9 1
b
-2 -9 7
3 8 3
2 6 -5
b
-3 3 1
6 -8 -1
-8 2 -4
b
-2 -3 -3
0 -7 7
-2 -5 -7
b
6 -1 4
-4 -8 8
-4 -8 -3
